0.28
0.29702970297
0.29702970297
0.29702970297
0.29702970297
0.862903225806
0.862903225806
0.862903225806
0.862903225806
0.862903225806
0.859375
0.859375
0.875912408759
0.875912408759
0.875912408759
0.875912408759
0.875912408759
0.897959183673
0.897959183673
0.897959183673
0.897959183673
0.897959183673
0.897959183673
0.897959183673
0.897959183673
0.897959183673
0.890510948905
0.890510948905
0.890510948905
0.890510948905
0.890510948905
0.890510948905
0.890510948905
0.890510948905
0.890510948905
0.890510948905
0.890510948905
0.890510948905
0.890510948905
0.890510948905
0.890510948905
0.890510948905
0.890510948905
0.890510948905
0.890510948905
0.890510948905
0.890510948905
0.890510948905
0.890510948905
0.890510948905
0.890510948905
0.890510948905
0.890510948905
0.890510948905
0.890510948905
0.890510948905
0.890510948905
0.890510948905
0.890510948905
0.890510948905
0.890510948905
0.890510948905
0.890510948905
0.890510948905
0.890510948905
0.890510948905
0.890510948905
0.890510948905
0.890510948905
0.890510948905
0.890510948905
0.890510948905
0.890510948905
0.890510948905
0.890510948905
0.890510948905
0.890510948905
0.890510948905
0.890510948905
0.890510948905
0.890510948905
0.890510948905
0.890510948905
0.890510948905
0.890510948905
0.890510948905
0.890510948905
0.890510948905
0.890510948905
0.890510948905
0.890510948905
0.890510948905
0.890510948905
0.890510948905
0.890510948905
0.890510948905
0.947368421053
0.947368421053
0.947368421053
0.947368421053
0.947368421053
0.947368421053
0.947368421053
0.947368421053
0.947368421053
0.947368421053
0.947368421053
0.947368421053
0.947368421053
0.947368421053
0.947368421053
0.947368421053
0.947368421053
0.947368421053
0.947368421053
0.947368421053
0.947368421053
0.947368421053
0.947368421053
0.947368421053
0.947368421053
0.947368421053
0.947368421053
0.947368421053
0.947368421053
0.947368421053
0.947368421053
0.947368421053
0.947368421053
0.947368421053
0.947368421053
0.947368421053
0.947368421053
0.947368421053
0.947368421053
0.947368421053
0.947368421053
0.947368421053
0.893442622951
0.893442622951
0.893442622951
0.893442622951
0.893442622951
0.893442622951
0.893442622951
