0.0
0.0
0.0
0.0
0.0
0.0
0.0
0.0
0.0
0.0
0.0
0.0
0.0
0.0
0.0
0.0
0.0
0.0
0.0
0.0
0.0
0.0
0.0
0.0
0.0
0.0
0.0
0.0
0.0
0.0
0.0
0.0
0.0
0.0
0.0
0.0
0.0
0.0
0.0
0.0
0.0
0.0
0.0
0.0
0.979166666667
0.979591836735
0.979591836735
0.979166666667
0.979591836735
0.979166666667
0.979591836735
0.979166666667
0.979591836735
0.979166666667
0.979591836735
0.979591836735
0.904761904762
0.904761904762
0.904761904762
0.904761904762
0.904761904762
0.904761904762
0.904761904762
0.904761904762
0.904761904762
0.904761904762
0.904761904762
0.904761904762
0.904761904762
0.904761904762
0.904761904762
0.904761904762
0.904761904762
0.904761904762
0.904761904762
0.904761904762
0.904761904762
0.904761904762
0.904761904762
0.904761904762
0.904761904762
0.904761904762
0.904761904762
0.904761904762
0.904761904762
0.904761904762
0.904761904762
0.904761904762
0.904761904762
0.904761904762
0.904761904762
0.904761904762
0.904761904762
0.904761904762
0.904761904762
0.904761904762
0.904761904762
0.904761904762
0.904761904762
0.904761904762
0.904761904762
0.904761904762
0.904761904762
0.904761904762
0.904761904762
0.904761904762
0.904761904762
0.904761904762
0.904761904762
0.904761904762
0.904761904762
0.904761904762
0.904761904762
0.904761904762
0.904761904762
0.904761904762
0.904761904762
0.904761904762
0.904761904762
0.904761904762
0.904761904762
0.904761904762
0.904761904762
0.904761904762
0.904761904762
0.904761904762
0.904761904762
0.904761904762
0.904761904762
0.904761904762
0.904761904762
0.904761904762
0.904761904762
0.904761904762
0.904761904762
0.904761904762
0.904761904762
0.904761904762
0.904761904762
0.904761904762
0.904761904762
0.904761904762
0.904761904762
0.904761904762
0.904761904762
0.904761904762
0.904761904762
0.904761904762
0.904761904762
0.904761904762
0.904761904762
0.904761904762
0.904761904762
0.904761904762
