0.0
0.0
0.0
0.868686868687
0.868686868687
0.868686868687
0.868686868687
0.868686868687
0.868686868687
0.868686868687
0.868686868687
0.868686868687
0.868686868687
0.868686868687
0.868686868687
0.868686868687
0.868686868687
0.868686868687
0.87
0.87
0.868686868687
0.868686868687
0.868686868687
0.868686868687
0.868686868687
0.868686868687
0.868686868687
0.868686868687
0.87
0.87
0.87
0.87
0.87
0.87
0.87
0.87
0.87
0.87
0.87
0.87
0.87
0.87
0.87
0.87
0.87
0.87
0.87
0.87
0.87
0.87
0.87
0.87
0.87
0.87
0.87
0.87
0.87
0.87
0.87
0.87
0.87
0.87
