0.0
0.0
0.227272727273
0.227272727273
0.227272727273
0.227272727273
0.227272727273
0.275362318841
0.275362318841
0.275362318841
0.275362318841
0.275362318841
0.275362318841
0.275362318841
0.275362318841
0.275362318841
0.275362318841
0.275362318841
0.275362318841
0.275362318841
0.275362318841
0.275362318841
0.275362318841
0.275362318841
0.275362318841
0.275362318841
0.275362318841
0.275362318841
0.275362318841
0.275362318841
0.275362318841
0.275362318841
0.275362318841
0.275362318841
0.275362318841
0.275362318841
0.275362318841
0.275362318841
0.275362318841
0.275362318841
0.275362318841
0.275362318841
0.275362318841
0.275362318841
0.275362318841
0.275362318841
0.275362318841
0.275362318841
0.275362318841
0.275362318841
0.275362318841
0.275362318841
0.275362318841
0.275362318841
