0.934210526316
0.949275362319
0.88
0.887323943662
0.940476190476
0.901234567901
0.923076923077
0.802816901408
0.886363636364
0.833333333333
0.946666666667
0.802816901408
0.802816901408
0.802816901408
0.802816901408
0.802816901408
0.802816901408
0.802816901408
0.802816901408
0.920454545455
0.802816901408
0.802816901408
0.905982905983
0.802816901408
0.887096774194
0.887096774194
0.894736842105
0.894736842105
0.894736842105
0.888888888889
0.888888888889
0.906976744186
0.906976744186
0.906976744186
0.906976744186
0.906976744186
0.906976744186
0.908256880734
0.908045977011
0.908045977011
0.908045977011
0.908256880734
0.908256880734
0.908256880734
0.908256880734
0.908256880734
0.855555555556
0.855555555556
0.855555555556
0.855555555556
0.858695652174
0.855555555556
0.855555555556
0.855555555556
0.855555555556
0.855555555556
0.855555555556
0.855555555556
0.855555555556
0.855555555556
0.855555555556
0.855555555556
0.855555555556
0.855555555556
0.855555555556
0.855555555556
0.855555555556
0.855555555556
0.855555555556
0.855555555556
0.855555555556
0.855555555556
0.855555555556
0.855555555556
0.855555555556
0.855555555556
0.855555555556
0.855555555556
0.855555555556
0.855555555556
0.855555555556
0.855555555556
0.855555555556
0.855555555556
0.855555555556
0.855555555556
0.855555555556
0.855555555556
0.855555555556
0.855555555556
0.855555555556
0.855555555556
0.855555555556
0.855555555556
0.855555555556
0.855555555556
0.855555555556
0.855555555556
0.855555555556
0.855555555556
0.855555555556
0.855555555556
0.855555555556
