0.0
0.0
0.0
0.0
0.0
0.0
0.0
0.0
0.0
0.0
0.980582524272
0.0
0.0
0.0
0.0
0.988235294118
0.0
0.987341772152
0.988636363636
0.984615384615
1.0
0.987012987013
0.968421052632
0.979274611399
1.0
0.980198019802
0.990566037736
1.0
0.973913043478
0.974025974026
0.978102189781
0.98
0.943396226415
0.987804878049
1.0
0.988636363636
0.985507246377
1.0
0.995633187773
1.0
0.975903614458
1.0
0.0
0.0
0.0
0.0
0.0
0.0
0.971428571429
0.989130434783
1.0
0.975609756098
0.992647058824
0.993150684932
0.981927710843
1.0
0.983606557377
1.0
0.974025974026
0.966019417476
1.0
0.979381443299
0.990196078431
0.952380952381
0.990654205607
0.0
0.0
0.0
0.0
0.0
0.0
0.0
0.0
0.0
0.0
1.0
0.991525423729
1.0
0.991228070175
0.984375
1.0
0.0
0.964285714286
0.985294117647
0.986013986014
1.0
0.971590909091
1.0
0.984126984127
0.985915492958
0.988505747126
1.0
1.0
1.0
0.989130434783
1.0
1.0
0.969696969697
1.0
0.97619047619
0.990099009901
0.988095238095
0.986666666667
0.987341772152
1.0
0.97520661157
0.974468085106
1.0
0.984848484848
0.991150442478
0.973684210526
0.9875
1.0
0.99
1.0
1.0
0.979166666667
0.0
0.0
0.99504950495
0.987124463519
0.990291262136
0.989010989011
0.977099236641
0.0
0.978723404255
0.989130434783
1.0
0.957983193277
0.977011494253
0.971698113208
0.985815602837
0.988372093023
0.986928104575
0.961538461538
0.984848484848
0.981651376147
0.988235294118
0.979381443299
1.0
1.0
1.0
1.0
0.976923076923
0.9875
0.0
0.0
0.0
0.0
0.0
0.0
0.0
0.0
0.0
0.0
0.0
0.0
0.0
0.979166666667
0.0
0.0
1.0
1.0
0.964285714286
0.984771573604
0.96835443038
0.987179487179
0.962365591398
0.990909090909
0.979591836735
0.990566037736
0.974789915966
1.0
0.0
0.996108949416
1.0
0.962962962963
1.0
0.965277777778
1.0
0.972727272727
0.970588235294
0.979166666667
0.976
0.940170940171
1.0
0.98275862069
0.982905982906
0.981042654028
1.0
0.988235294118
0.983193277311
0.992592592593
0.969696969697
0.980582524272
1.0
0.988235294118
0.987012987013
1.0
0.977272727273
1.0
1.0
0.984375
1.0
0.989247311828
0.984732824427
1.0
1.0
1.0
0.978260869565
0.989130434783
0.969072164948
1.0
0.988095238095
1.0
0.993548387097
0.982222222222
1.0
0.988095238095
0.987179487179
0.974358974359
0.972972972973
0.969512195122
1.0
0.0
0.954954954955
0.992
0.945054945055
1.0
0.987654320988
0.966386554622
0.990196078431
0.97619047619
0.955223880597
0.984126984127
0.0
0.0
0.0
0.0
1.0
0.984848484848
0.989473684211
1.0
0.964285714286
0.990099009901
1.0
0.983870967742
0.994791666667
0.985714285714
0.98224852071
0.986842105263
0.988095238095
0.967741935484
1.0
1.0
0.985507246377
0.989795918367
0.989795918367
0.970297029703
0.987012987013
0.968944099379
1.0
0.980582524272
0.972789115646
0.973684210526
0.98275862069
0.987654320988
0.977272727273
1.0
1.0
0.990740740741
0.0
0.0
0.0
0.0
0.0
0.0
0.0
0.0
0.0
0.983870967742
0.985074626866
1.0
0.986666666667
0.988505747126
0.981818181818
1.0
1.0
0.972972972973
1.0
0.989473684211
1.0
0.987179487179
0.96875
0.96694214876
0.958333333333
0.992025518341
0.982142857143
0.993939393939
0.971428571429
0.981981981982
1.0
0.983739837398
0.987341772152
0.0
0.0
0.0
0.0
0.0
1.0
1.0
0.978260869565
0.96511627907
0.985915492958
0.0
0.0
0.979166666667
0.981751824818
0.973509933775
0.985915492958
0.982456140351
0.9875
0.981818181818
0.988888888889
0.971014492754
0.980582524272
0.956896551724
0.963636363636
0.967213114754
0.978260869565
0.984496124031
0.990566037736
0.977777777778
0.975845410628
0.0
0.0
0.98275862069
0.0
0.0
0.0
0.985714285714
0.0
0.985915492958
0.0
0.9875
0.983333333333
0.959595959596
1.0
0.955752212389
0.962264150943
1.0
1.0
0.972972972973
0.980392156863
0.991379310345
0.958549222798
0.981308411215
1.0
1.0
1.0
0.988095238095
0.95
0.977011494253
0.992248062016
0.0
