0
0
0
0
0
0
0
0
0
0
0
0
0
0
0
0
0
0
0
0
0
0
0
0
0
0
0
0
0
0
0
0
0
0
0
0
0
0
0
0
0
0
0
0
0
0
0
0
0
0
0
0
0
0
0
0
0
0
0
0
0
0
0
0
0
0
0
0
0
0
0
0
0
0
0
0
0
0
0
0
0
0
0
0
0
0
0
0
0
0
0
0
0
0
0
0
0
0
0
0
0
0
0
0
0
0
0
0
0
0
0
0
0
0
0
0
0
0
0
0
0
0
0
0
0
0
0
0
0
0
0
0
0
0
0
0
0
0
0
0
0
0
0
0
0
0
0
0
0
0
0
0
0
0
0
0
0
0
0
0
0
0
0
0
0
0
0
0
0
0
0
0
0
0
0
0
0
0
0
0
0
0
0
0
0
0
0
0
0
0
0
0
0
0
0
0
0
0
0
0
0
0
0
0
0
0
0
0
0
0
0
0
0
0
0
0
0
0
0
0
0
0
0
0
0
0
0
0
0
0
0
0
0
0
0
0
0
0
0
0
0
0
0
0
0
0
0
0
0
0
0
0
0
0
0
0
0
0
0
0
0
0
0
0
0
0
0
0
0
0
0
0
0
0
0
0
0
0
0
0
0
0
0
0
0
0
0
0
0
0
0
0
0
0
0
0
0
0
0
0
0
0
0
0
0
0
0
0
0
0
0
0
0
0
0
0
0
0
0
0
0
0
0
0
0
0
0
0
0
0
0
0
0
0
0
0
0
0
0
0
0
0
0
0
0
0
0
0
0
0
0
0
0
0
0
0
0
0
0
0
0
0
0
0
0
0
0
0
0
0
0
0
0
0
0
0
0
0
0
0
0
0
0
0
0
0
0
0
0
0
0
0
0
0
0
0
0
0
0
0
0
0
0
0
0
0
0
0
0
0
0
0
0
0
0
0
0
0
0
0
0
0
0
0
0
0
0
0
0
0
0
0
0
0
0
0
0
0
0
0
0
0
0
0
0
0
0
0
0
0
0
0
0
0
0
0
0
0
0
0
0
0
0
0
0
0
0
0
0
0
0
0
0
0
0
0
0
0
0
0
0
0
0
0
0
0
0
0
0
0
0
0
0
0
0
0
0
0
0
0
0
0
0
0
0
0
0
0
0
0
0
0
0
0
0
0
0
0
0
0
0
0
0
0
0
0
0
0
0
0
0
0
0
0
0
0
0
0
0
0
0
0
0
0
0
0
0
0
0
0
0
0
0
0
0
0
0
0
0
0
0
0
0
0
0
0
0
0
0
0
0
0
0
0
0
0
0
0
0
0
0
0
0
0
0
0
0
0
0
0
0
0
0
0
0
0
0
0
0
0
0
0
0
0
0
0
0
0
0
0
0
0
0
0
0
0
0
0
0
0
0
0
0
0
0
0
0
0
0
0
0
0
0
0
0
0
0
0
0
0
0
0
0
0
0
0
0
0
0
0
0
0
0
0
0
0
0
0
0
0
0
0
0
0
0
0
0
0
0
0
0
0
0
0
0
0
0
0
0
0
0
0
0
0
0
0
0
0
0
0
0
0
0
0
0
0
0
0
0
0
0
0
0
0
0
0
0
0
0
0
0
0
0
0
0
0
0
0
0
0
0
0
0
0
0
0
0
0
0
0
0
0
0
0
0
0
0
0
0
0
0
0
0
0
0
0
0
0
0
0
0
0
0
0
0
0
0
0
0
0
0
0
0
0
0
0
0
0
0
0
0
0
0
0
0
0
0
0
0
0
0
0
0
0
0
0
0
0
0
0
0
0
0
0
0
0
0
0
0
0
0
0
0
0
0
0
0
0
0
0
0
0
0
0
0
0
0
0
0
0
0
0
0
0
0
0
0
0
0
0
0
0
0
0
0
0
0
0
0
0
0
0
0
0
0
0
0
0
0.94017094
0.943396226
0.945054945
0.95
0.952380952
0.954954955
0.955223881
0.955752212
0.956896552
0.957983193
0.958333333
0.958549223
0.95959596
0.961538462
0.962264151
0.962365591
0.962962963
0.963636364
0.964285714
0.964285714
0.964285714
0.965116279
0.965277778
0.966019417
0.966386555
0.966942149
0.967213115
0.967741935
0.96835443
0.968421053
0.96875
0.968944099
0.969072165
0.969512195
0.96969697
0.96969697
0.97029703
0.970588235
0.971014493
0.971428571
0.971428571
0.971590909
0.971698113
0.972727273
0.972789116
0.972972973
0.972972973
0.972972973
0.973509934
0.973684211
0.973684211
0.973913043
0.974025974
0.974025974
0.974358974
0.974468085
0.974789916
0.975206612
0.975609756
0.975845411
0.975903614
0.976
0.976190476
0.976190476
0.976923077
0.977011494
0.977011494
0.977099237
0.977272727
0.977272727
0.977777778
0.97810219
0.97826087
0.97826087
0.97826087
0.978723404
0.979166667
0.979166667
0.979166667
0.979166667
0.979274611
0.979381443
0.979381443
0.979591837
0.98
0.98019802
0.980392157
0.980582524
0.980582524
0.980582524
0.980582524
0.981042654
0.981308411
0.981651376
0.981751825
0.981818182
0.981818182
0.981927711
0.981981982
0.982142857
0.982222222
0.982248521
0.98245614
0.982758621
0.982758621
0.982758621
0.982905983
0.983193277
0.983333333
0.983606557
0.983739837
0.983870968
0.983870968
0.984126984
0.984126984
0.984375
0.984375
0.984496124
0.984615385
0.984732824
0.984771574
0.984848485
0.984848485
0.984848485
0.985074627
0.985294118
0.985507246
0.985507246
0.985714286
0.985714286
0.985815603
0.985915493
0.985915493
0.985915493
0.985915493
0.986013986
0.986666667
0.986666667
0.986842105
0.986928105
0.987012987
0.987012987
0.987012987
0.987124464
0.987179487
0.987179487
0.987179487
0.987341772
0.987341772
0.987341772
0.9875
0.9875
0.9875
0.9875
0.987654321
0.987654321
0.987804878
0.988095238
0.988095238
0.988095238
0.988095238
0.988095238
0.988235294
0.988235294
0.988235294
0.988235294
0.988372093
0.988505747
0.988505747
0.988636364
0.988636364
0.988888889
0.989010989
0.989130435
0.989130435
0.989130435
0.989130435
0.989247312
0.989473684
0.989473684
0.989795918
0.989795918
0.99
0.99009901
0.99009901
0.990196078
0.990196078
0.990291262
0.990566038
0.990566038
0.990566038
0.990654206
0.990740741
0.990909091
0.991150442
0.99122807
0.99137931
0.991525424
0.992
0.992025518
0.992248062
0.992592593
0.992647059
0.993150685
0.993548387
0.993939394
0.994791667
0.995049505
0.995633188
0.996108949
1
1
1
1
1
1
1
1
1
1
1
1
1
1
1
1
1
1
1
1
1
1
1
1
1
1
1
1
1
1
1
1
1
1
1
1
1
1
1
1
1
1
1
1
1
1
1
1
1
1
1
1
1
1
1
1
1
1
1
1
1
1
1
1
1
1
1
1
1
1
1
1
1
1
1
