0.0
0.0
0.0
0.0
0.0
0.0
0.0
0.0
0.0
0.0
1.0
0.0
0.0
0.0
0.0
0.988505747126
0.0
1.0
0.988764044944
1.0
1.0
1.0
0.979381443299
0.986046511628
1.0
1.0
0.990990990991
1.0
0.983333333333
0.987179487179
1.0
0.993630573248
0.954545454545
1.0
1.0
0.989130434783
1.0
1.0
1.0
1.0
0.988372093023
1.0
0.0
0.0
0.0
0.0
0.0
0.0
0.990825688073
1.0
1.0
0.992248062016
1.0
1.0
1.0
1.0
0.992248062016
1.0
1.0
0.972850678733
1.0
1.0
1.0
0.973913043478
1.0
0.0
0.0
0.0
0.0
0.0
0.0
0.0
0.0
0.0
0.0
1.0
0.992125984252
1.0
1.0
0.985294117647
1.0
0.0
0.986486486486
1.0
0.993333333333
1.0
0.994652406417
1.0
1.0
0.986111111111
0.989010989011
1.0
1.0
1.0
0.989583333333
1.0
1.0
0.992805755396
1.0
0.988505747126
1.0
0.988764044944
1.0
1.0
1.0
0.992307692308
0.991967871486
1.0
1.0
0.991525423729
1.0
1.0
1.0
1.0
1.0
1.0
0.989690721649
0.0
0.0
1.0
0.99609375
1.0
1.0
1.0
0.0
0.986301369863
0.989583333333
1.0
0.976377952756
1.0
1.0
0.986486486486
1.0
0.993710691824
0.978102189781
1.0
0.990990990991
0.988888888889
0.990196078431
1.0
1.0
1.0
1.0
0.985074626866
1.0
0.0
0.0
0.0
0.0
0.0
0.0
0.0
0.0
0.0
0.0
0.0
0.0
0.0
0.989898989899
0.0
0.0
1.0
1.0
0.986046511628
0.990384615385
0.993975903614
1.0
0.980582524272
1.0
0.981132075472
1.0
0.976
1.0
0.0
1.0
1.0
0.993006993007
1.0
0.967532467532
1.0
1.0
0.990990990991
0.990099009901
1.0
0.952380952381
1.0
0.991803278689
0.991803278689
1.0
1.0
1.0
0.992063492063
0.992957746479
0.980769230769
0.990566037736
1.0
1.0
0.987654320988
1.0
0.989247311828
1.0
1.0
1.0
1.0
1.0
0.992647058824
1.0
1.0
1.0
1.0
1.0
0.980582524272
1.0
1.0
1.0
1.0
0.983935742972
1.0
1.0
1.0
1.0
0.987341772152
0.994152046784
1.0
0.0
0.974576271186
1.0
0.989795918367
1.0
1.0
0.992063492063
1.0
0.988764044944
1.0
1.0
0.0
0.0
0.0
0.0
1.0
0.984848484848
1.0
1.0
0.988505747126
1.0
1.0
1.0
1.0
1.0
0.988826815642
1.0
0.988764044944
0.989690721649
1.0
1.0
1.0
0.990654205607
1.0
0.990740740741
1.0
0.994382022472
1.0
1.0
0.98064516129
0.987951807229
0.991803278689
1.0
0.978723404255
1.0
1.0
1.0
0.0
0.0
0.0
0.0
0.0
0.0
0.0
0.0
0.0
0.985074626866
1.0
1.0
1.0
1.0
1.0
1.0
1.0
0.983050847458
1.0
0.989898989899
1.0
1.0
0.994186046512
0.992307692308
0.989010989011
0.997142857143
1.0
1.0
0.981818181818
0.982608695652
1.0
0.984126984127
1.0
0.0
0.0
0.0
0.0
0.0
1.0
1.0
1.0
1.0
1.0
0.0
0.0
1.0
0.986486486486
0.981132075472
1.0
1.0
0.994117647059
1.0
1.0
0.985915492958
1.0
0.984
0.991379310345
0.977099236641
1.0
0.985507246377
1.0
1.0
0.995475113122
0.0
0.0
1.0
0.0
0.0
0.0
1.0
0.0
1.0
0.0
1.0
1.0
0.981132075472
1.0
0.983739837398
0.981981981982
1.0
1.0
0.982905982906
1.0
0.991452991453
0.980392156863
1.0
1.0
1.0
1.0
1.0
0.96511627907
1.0
1.0
0.0
