0
0
0
0
0
0
0
0
0
0
0
0
0
0
0
0
0
0
0
0
0
0
0
0
0
0
0
0
0
0
0
0
0
0
0
0
0
0
0
0
0
0
0
0
0
0
0
0
0
0
0
0
0
0
0
0
0
0
0
0
0
0
0
0
0
0
0
0
0
0
0
0
0
0
0
0
0
0
0
0
0.859649123
0.861538462
0.862068966
0.864864865
0.871794872
0.873239437
0.873786408
0.882352941
0.886956522
0.888888889
0.892473118
0.894736842
0.897727273
0.898989899
0.9
0.900763359
0.901785714
0.902439024
0.902654867
0.902912621
0.903225806
0.903614458
0.903614458
0.904761905
0.904761905
0.90625
0.906666667
0.906832298
0.907216495
0.908163265
0.909090909
0.91025641
0.910447761
0.911764706
0.912621359
0.913043478
0.913461538
0.913580247
0.913580247
0.913978495
0.913978495
0.914285714
0.914634146
0.91509434
0.915492958
0.915662651
0.91588785
0.916666667
0.916666667
0.916666667
0.916666667
0.916666667
0.917808219
0.917910448
0.918604651
0.918604651
0.921052632
0.921348315
0.921568627
0.921568627
0.921875
0.922155689
0.923076923
0.923076923
0.923076923
0.923076923
0.923076923
0.923913043
0.923913043
0.925
0.925531915
0.926174497
0.926315789
0.926829268
0.927083333
0.927536232
0.927631579
0.927710843
0.928571429
0.928571429
0.928571429
0.928571429
0.929824561
0.929824561
0.929824561
0.929824561
0.93
0.93006993
0.931034483
0.931034483
0.931034483
0.931034483
0.931506849
0.931623932
0.931818182
0.931818182
0.932038835
0.93220339
0.932432432
0.933333333
0.933333333
0.934010152
0.934065934
0.934210526
0.934210526
0.935064935
0.935483871
0.935483871
0.936507937
0.936708861
0.936708861
0.936936937
0.9375
0.9375
0.9375
0.9375
0.9375
0.938053097
0.938271605
0.938388626
0.93877551
0.93902439
0.939393939
0.939393939
0.939393939
0.939393939
0.939759036
0.940298507
0.940298507
0.940828402
0.941176471
0.941176471
0.941176471
0.941176471
0.941176471
0.942028986
0.94214876
0.942528736
0.942857143
0.942857143
0.942857143
0.943181818
0.943396226
0.943661972
0.943661972
0.943820225
0.943820225
0.943820225
0.944444444
0.944444444
0.944444444
0.944827586
0.944954128
0.945054945
0.945205479
0.945454545
0.945454545
0.945454545
0.945652174
0.945652174
0.945783133
0.945945946
0.946666667
0.946969697
0.946969697
0.947368421
0.947368421
0.947368421
0.947368421
0.947761194
0.947916667
0.948051948
0.948051948
0.948275862
0.948453608
0.949579832
0.95
0.950310559
0.95049505
0.950617284
0.950617284
0.950819672
0.951219512
0.951219512
0.951612903
0.951807229
0.951807229
0.952380952
0.952380952
0.952380952
0.952380952
0.952380952
0.953271028
0.953488372
0.953488372
0.953488372
0.953846154
0.954545455
0.95505618
0.95505618
0.95505618
0.955223881
0.955223881
0.955223881
0.955357143
0.955882353
0.956043956
0.956521739
0.956521739
0.956521739
0.956521739
0.957142857
0.957627119
0.957894737
0.957983193
0.958333333
0.958677686
0.95890411
0.959183673
0.959459459
0.95959596
0.96
0.96
0.96
0.960784314
0.960784314
0.960784314
0.961538462
0.961538462
0.961722488
0.962025316
0.962264151
0.9625
0.962616822
0.962962963
0.963855422
0.964912281
0.964912281
0.965517241
0.966666667
0.967213115
0.967213115
0.967741935
0.968253968
0.968253968
0.968421053
0.968879668
0.969230769
0.96969697
0.970588235
0.971014493
0.971014493
0.971428571
0.971428571
0.972972973
0.973684211
0.973684211
0.973958333
0.974025974
0.974358974
0.975308642
0.975609756
0.975609756
0.977272727
0.977272727
0.977777778
0.97826087
0.979166667
0.979166667
0.98
0.980645161
0.980769231
0.98125
0.984126984
0.984375
0.984375
0.985074627
0.985294118
0.987341772
1
1
1
1
1
1
