0.0
0.0
0.0
0.0
0.0
0.0
0.0
0.0
0.0
0.0
0.931034482759
0.0
0.0
0.0
0.0
0.916666666667
0.0
0.972972972973
0.888888888889
0.94495412844
0.968253968254
0.939393939394
0.909090909091
0.93006993007
0.943820224719
0.871794871795
0.934065934066
0.923076923077
0.95652173913
0.9375
0.913461538462
0.90243902439
0.938271604938
0.969696969697
0.947368421053
0.934210526316
0.957983193277
0.955056179775
0.973958333333
0.98064516129
0.944444444444
0.96
0.0
0.0
0.0
0.0
0.0
0.0
0.921348314607
0.962025316456
0.938775510204
0.941176470588
0.96261682243
0.967741935484
0.94776119403
0.978260869565
0.921568627451
0.953488372093
0.95652173913
0.922155688623
0.98
0.913580246914
0.943181818182
0.916666666667
0.955056179775
0.0
0.0
0.0
0.0
0.0
0.0
0.0
0.0
0.0
0.0
0.951219512195
0.925531914894
0.955223880597
0.959595959596
0.945454545455
0.943396226415
0.0
0.901785714286
0.966666666667
0.942148760331
0.974025974026
0.911764705882
0.955357142857
0.965517241379
0.921875
0.932432432432
0.940298507463
0.955223880597
0.960784313725
0.9375
0.985294117647
0.952380952381
0.929824561404
0.952380952381
0.973684210526
0.955056179775
0.945205479452
0.985074626866
0.942857142857
0.952380952381
0.907216494845
0.934010152284
0.923076923077
0.931034482759
0.959183673469
0.923076923077
0.942028985507
0.961538461538
0.975609756098
0.984126984127
0.941176470588
0.9
0.0
0.0
0.98125
0.945054945055
0.943820224719
0.910256410256
0.921568627451
0.0
0.958333333333
0.945945945946
0.914634146341
0.928571428571
0.906666666667
0.916666666667
0.931623931624
0.962962962963
0.94696969697
0.915887850467
0.952380952381
0.913978494624
0.917808219178
0.951807228916
1.0
0.954545454545
0.950617283951
1.0
0.915094339623
0.939393939394
0.0
0.0
0.0
0.0
0.0
0.0
0.0
0.0
0.0
0.0
0.0
0.0
0.0
0.864864864865
0.0
0.0
0.956043956044
0.964912280702
0.927631578947
0.950310559006
0.900763358779
0.970588235294
0.9375
0.931034482759
0.926829268293
0.918604651163
0.950495049505
0.945454545455
0.0
0.961722488038
0.95
0.921052631579
0.941176470588
0.949579831933
0.984375
0.943820224719
0.951807228916
0.903614457831
0.914285714286
0.908163265306
0.967213114754
0.89898989899
0.927083333333
0.94578313253
0.9625
0.96
0.935483870968
0.938053097345
0.916666666667
0.933333333333
0.971014492754
0.96
0.939393939394
0.944444444444
0.935064935065
0.977272727273
0.977272727273
0.964912280702
0.942857142857
0.926174496644
0.936936936937
0.945454545455
0.957894736842
0.946666666667
0.886956521739
0.950617283951
0.913580246914
0.955882352941
0.943661971831
0.915492957746
0.953271028037
0.948275862069
0.927536231884
0.928571428571
0.95652173913
0.940298507463
0.932203389831
0.917910447761
0.987341772152
0.0
0.944444444444
0.93
0.882352941176
0.943661971831
0.942857142857
0.894736842105
0.931818181818
0.916666666667
0.929824561404
0.947368421053
0.0
0.0
0.0
0.0
0.979166666667
0.929824561404
0.9375
0.979166666667
0.955223880597
0.942528735632
0.948051948052
0.926315789474
0.960784313725
0.929824561404
0.944827586207
0.971014492754
0.910447761194
0.939759036145
0.936708860759
0.953846153846
0.950819672131
0.934210526316
0.918604651163
0.925
0.968253968254
0.859649122807
0.959459459459
0.931818181818
0.936507936508
0.902654867257
0.941176470588
0.957142857143
0.974358974359
1.0
0.962264150943
0.968421052632
0.0
0.0
0.0
0.0
0.0
0.0
0.0
0.0
0.0
0.932038834951
0.984375
0.90625
0.971428571429
0.936708860759
0.923913043478
0.975609756098
0.977777777778
0.933333333333
1.0
0.923076923077
1.0
0.953488372093
0.904761904762
0.902912621359
0.913043478261
0.96887966805
0.960784313725
0.971428571429
0.927710843373
0.939393939394
1.0
0.947916666667
0.94696969697
0.0
0.0
0.0
0.0
0.0
0.969230769231
0.931506849315
0.939024390244
0.928571428571
0.935483870968
0.0
0.0
0.948051948052
0.938388625592
0.862068965517
0.957627118644
0.89247311828
0.95867768595
0.897727272727
0.975308641975
0.931034482759
0.915662650602
0.945652173913
0.913978494624
0.903225806452
0.961538461538
0.912621359223
0.923913043478
0.963855421687
0.940828402367
0.0
0.0
0.948453608247
0.0
0.0
0.0
0.951612903226
0.0
0.873786407767
0.0
0.9375
0.928571428571
0.903614457831
0.904761904762
0.923076923077
0.951219512195
0.973684210526
0.980769230769
0.947368421053
0.953488372093
0.941176470588
0.906832298137
0.945652173913
0.947368421053
0.967213114754
0.95652173913
0.958904109589
0.861538461538
0.87323943662
0.952380952381
0.0
