0
0
0
0
0
0
0
0
0
0
0
0
0
0
0
0
0
0
0
0
0
0
0
0
0
0
0
0
0
0
0
0
0
0
0
0
0
0
0
0
0
0
0
0
0
0
0
0
0
0
0
0
0
0
0
0
0
0
0
0
0
0
0
0
0
0
0
0
0
0
0
0
0
0
0
0
0
0
0
0
0
0
0
0
0
0
0
0
0
0
0
0
0
0
0
0
0
0
0
0
0
0
0
0
0
0
0
0
0
0
0
0
0
0
0
0
0
0
0
0
0
0
0
0
0
0
0
0
0
0
0
0
0
0
0
0
0
0
0
0
0
0
0
0
0
0
0
0
0
0
0
0
0
0
0
0
0
0
0
0
0
0
0
0
0
0
0
0
0
0
0
0
0
0
0
0
0
0
0
0
0
0
0
0
0
0
0
0
0
0
0
0
0
0
0
0
0
0
0
0
0
0
0
0
0
0
0
0
0
0
0
0
0
0
0
0
0
0
0
0
0
0
0
0
0
0
0
0
0
0
0
0
0
0
0
0
0
0
0
0
0
0
0
0
0
0
0
0
0
0
0
0
0
0
0
0
0
0
0
0
0
0
0
0
0
0
0
0
0
0
0
0
0
0
0
0
0
0
0
0
0
0
0
0
0
0
0
0
0
0
0
0
0
0
0
0
0
0
0
0
0
0
0
0
0
0
0
0
0
0
0
0
0
0
0
0
0
0
0
0
0
0
0
0
0
0
0
0
0
0
0
0
0
0
0
0
0
0
0
0
0
0
0
0
0
0
0
0
0
0
0
0
0
0
0
0
0
0
0
0
0
0
0
0
0
0
0
0
0
0
0
0
0
0
0
0
0
0
0
0
0
0
0
0
0
0
0
0
0
0
0
0
0
0
0
0
0
0
0
0
0
0
0
0
0
0
0
0
0
0
0
0
0
0
0
0
0
0
0
0
0
0
0
0
0
0
0
0
0
0
0
0
0
0
0
0
0
0
0
0
0
0
0
0
0
0
0
0
0
0
0
0
0
0
0
0
0
0
0
0
0
0
0
0
0
0
0
0
0
0
0
0
0
0
0
0
0
0
0
0
0
0
0
0
0
0
0
0
0
0
0
0
0
0
0
0
0
0
0
0
0
0
0
0
0
0
0
0
0
0
0
0
0
0
0
0
0
0
0
0
0
0
0
0
0
0
0
0
0
0
0
0
0
0
0
0
0
0
0
0
0
0
0
0
0
0
0
0
0
0
0
0
0
0
0
0
0
0
0
0
0
0
0
0
0
0
0
0
0
0
0
0
0
0
0
0
0
0
0
0
0
0
0
0
0
0
0
0
0
0
0
0
0
0
0
0
0
0
0
0
0
0
0
0
0
0
0
0
0
0
0
0
0
0
0
0
0
0
0
0
0
0
0
0
0
0
0
0
0
0
0
0
0
0
0
0
0
0
0
0
0
0
0
0
0
0
0
0
0
0
0
0
0
0
0
0
0
0
0
0
0
0
0
0
0
0
0
0
0
0
0
0
0
0
0
0
0
0
0
0
0
0
0
0
0
0
0
0
0
0
0
0
0
0
0
0
0
0
0
0
0
0
0
0
0
0
0
0
0
0
0
0
0
0
0
0
0
0
0
0
0
0
0
0
0
0
0
0
0
0
0
0
0
0
0
0
0
0
0
0
0
0
0
0
0
0
0
0
0
0
0
0
0
0
0
0
0
0
0
0
0
0
0
0
0
0
0
0
0
0
0
0
0
0
0
0
0
0
0
0
0
0
0
0
0
0
0
0
0
0
0
0
0
0
0
0
0
0
0
0
0
0
0
0
0
0
0
0
0
0
0
0
0
0
0
0
0
0
0
0
0
0
0
0
0
0
0
0
0
0
0
0
0
0
0
0
0
0
0
0
0
0
0
0
0
0
0
0
0
0
0
0
0
0
0
0
0
0
0
0
0
0
0
0
0
0
0
0
0
0
0
0
0
0
0
0
0
0
0
0
0
0
0
0
0
0
0
0
0
0
0
0
0
0
0
0
0
0
0
0
0
0
0
0
0
0
0
0
0
0
0
0
0
0
0
0
0
0
0
0
0
0
0
0
0
0
0
0
0
0
0
0
0
0
0
0
0
0
0
0
0
0
0
0
0
0
0
0
0
0
0
0
0
0
0
0
0
0
0
0
0
0
0
0
0
0
0
0
0
0
0
0
0
0
0
0
0
0
0
0
0
0
0
0
0
0
0
0
0
0
0
0
0
0
0
0
0
0
0
0
0
0
0
0
0
0
0
0
0
0
0
0
0
0
0
0
0
0
0
0
0
0
0
0
0
0
0
0
0
0
0
0
0
0
0
0
0
0
0
0
0
0
0
0
0
0
0
0
0
0
0
0
0
0
0
0
0
0
0
0
0
0
0
0
0
0
0
0
0
0
0
0
0
0
0
0
0
0
0
0
0
0
0
0
0
0
0
0
0
0
0
0
0
0
0
0
0
0
0
0
0
0
0
0
0
0
0
0
0
0
0
0
0
0
0
0
0
0
0
0
0
0
0
0
0
0
0
0
0
0
0
0
0
0
0
0
0
0
0
0
0
0
0
0
0
0
0
0
0
0
0
0
0
0
0
0
0
0
0
0
0
0
0
0
0
0
0
0
0
0
0
0
0
0
0
0
0
0
0
0
0
0
0
0
0
0
0
0
0
0
0
0
0
0
0
0
0
0
0
0
0
0
0
0
0
0
0
0
0
0
0
0
0
0
0
0
0
0
0
0
0
0
0
0
0
0
0
0
0
0
0
0
0
0
0
0
0
0
0
0
0
0
0
0
0
0
0
0
0
0
0
0
0
0
0
0
0
0
0
0
0
0
0
0
0
0
0
0
0
0
0
0
0
0
0
0
0
0
0
0
0
0
0
0
0
0
0
0
0
0
0
0
0
0
0
0
0
0
0
0
0
0
0
0
0
0
0
0
0
0
0
0
0
0
0
0
0
0
0
0
0
0
0
0
0
0
0
0
0
0
0
0
0
0
0
0
0
0
0
0
0
0
0
0
0
0
0
0
0
0
0
0
0
0
0
0
0
0
0
0
0
0
0
0
0
0
0
0
0
0
0
0
0
0
0
0
0
0
0
0
0
0
0
0
0
0
0
0
0
0
0
0
0
0
0
0
0
0
0
0
0
0
0
0
0
0
0
0
0
0
0
0
0
0
0
0
0
0
0
0
0
0
0
0
0
0
0
0
0
0
0
0
0
0
0
0
0
0
0
0
0
0
0
0
0
0
0
0
0
0
0
0
0
0
0
0
0
0
0
0
0
0
0
0
0
0
0
0
0
0
0
0
0
0
0
0
0
0
0
0
0
0
0
0
0
0
0
0
0
0
0
0
0
0
0
0
0
0
0
0
0
0
0
0
0
0
0
0
0
0
0
0
0
0
0
0
0
0
0
0
0
0
0
0
0
0
0
0
0
0
0
0
0
0
0
0
0
0
0
0
0
0
0
0
0
0
0
0
0
0
0
0
0
0
0
0
0
0
0
0
0
0
0
0
0
0
0
0
0
0
0
0
0
0
0
0
0
0
0
0
0
0
0
0
0
0
0
0
0
0
0
0
0
0
0
0
0
0
0
0
0
0
0
0
0
0
0
0
0
0
0
0
0
0
0
0
0
0
0
0
0
0
0
0
0
0
0
0
0
0
0
0
0
0
0
0
0
0
0
0
0
0
0
0
0
0
0
0
0
0
0
0
0
0
0
0
0
0
0
0
0
0
0
0
0
0
0
0.001
0.001
0.001
0.001
0.001
0.001
0.001
0.002
0.002
0.002
0.002
0.002
0.002
0.002
0.002
0.002
0.003
0.003
0.003
0.003
0.003
0.003
0.003
0.003
0.003
0.003
0.003
0.003
0.003
0.003
0.003
0.003
0.003
0.004
0.004
0.004
0.004
0.004
0.004
0.005
0.005
0.005
0.005
0.005
0.005
0.005
0.005
0.005
0.005
0.005
0.006
0.006
0.006
0.006
0.006
0.006
0.006
0.006
0.006
0.007
0.007
0.007
0.007
0.007
0.007
0.007
0.007
0.007
0.008
0.008
0.008
0.008
0.008
0.008
0.008
0.008
0.008
0.009
0.009
0.009
0.009
0.009
0.009
0.009
0.009
0.009
0.01
0.01
0.01
0.01
0.01
0.01
0.01
0.01
0.01
0.011
0.011
0.011
0.011
0.011
0.011
0.011
0.011
0.011
0.011
0.011
0.011
0.011
0.011
0.011
0.011
0.011
0.011
0.011
0.011
0.011
0.012
0.012
0.012
0.012
0.012
0.012
0.012
0.012
0.012
0.013
0.013
0.013
0.013
0.013
0.013
0.013
0.013
0.013
0.014
0.014
0.014
0.014
0.014
0.014
0.014
0.014
0.015
0.015
0.015
0.015
0.015
0.015
0.015
0.015
0.015
0.016
0.016
0.016
0.016
0.017
0.017
0.017
0.017
0.017
0.017
0.018
0.018
0.019
0.019
0.019
0.019
0.019
0.019
0.019
0.019
0.02
0.02
0.02
0.02
0.02
0.02
0.02
0.02
0.021
0.021
0.021
0.022
0.022
0.022
0.022
0.022
0.022
0.022
0.022
0.022
0.022
0.023
0.023
0.023
0.023
0.023
0.024
0.024
0.024
0.024
0.024
0.024
0.024
0.025
0.025
0.025
0.025
0.025
0.025
0.025
0.025
0.025
0.025
0.025
0.026
0.026
0.026
0.026
0.027
0.028
0.029
0.029
0.029
0.029
0.03
0.03
0.03
0.03
0.03
0.03
0.031
0.031
0.031
0.031
0.031
0.032
0.032
0.032
0.033
0.034
0.034
0.034
0.035
0.036
0.036
0.036
0.037
0.038
0.039
0.039
0.04
0.04
0.04
0.04
0.041
0.041
0.041
0.041
0.042
0.042
0.042
0.042
0.042
0.043
0.043
0.043
0.044
0.044
0.044
0.045
0.045
0.045
0.045
0.046
0.046
0.046
0.046
0.046
0.048
0.048
0.048
0.049
0.05
0.05
0.05
0.05
0.05
0.051
0.051
0.053
0.053
0.053
0.053
0.054
0.054
0.054
0.058
0.058
0.058
0.058
0.059
0.061
0.061
0.061
0.061
0.062
0.062
0.062
0.064
0.064
0.064
0.064
0.066
0.066
0.067
0.069
0.069
0.07
0.071
0.074
0.074
0.075
0.075
0.076
0.076
0.076
0.077
0.077
0.077
0.077
0.077
0.077
0.078
0.078
0.078
0.079
0.079
0.08
0.08
0.081
0.081
0.081
0.081
0.082
0.082
0.082
0.082
0.083
0.083
0.085
0.086
0.087
0.088
0.089
0.089
0.09
0.09
0.091
0.091
0.091
0.093
0.094
0.095
0.095
0.095
0.096
0.096
0.096
0.097
0.098
0.099
0.099
0.099
0.099
0.1
0.1
0.101
0.103
0.103
0.103
0.103
0.103
0.104
0.105
0.105
0.106
0.106
0.106
0.106
0.107
0.107
0.107
0.108
0.113
0.113
0.115
0.116
0.116
0.117
0.118
0.118
0.118
0.119
0.12
0.12
0.12
0.121
0.122
0.123
0.125
0.125
0.125
0.125
0.125
0.125
0.127
0.128
0.128
0.13
0.132
0.134
0.134
0.135
0.136
0.136
0.136
0.139
0.14
0.14
0.141
0.141
0.143
0.143
0.143
0.144
0.144
0.145
0.145
0.146
0.146
0.148
0.151
0.151
0.151
0.152
0.153
0.153
0.154
0.156
0.156
0.157
0.159
0.162
0.163
0.164
0.164
0.165
0.165
0.165
0.165
0.167
0.171
0.175
0.176
0.176
0.176
0.177
0.18
0.183
0.185
0.185
0.186
0.187
0.189
0.19
0.19
0.191
0.191
0.191
0.192
0.193
0.193
0.194
0.196
0.197
0.198
0.199
0.199
0.2
0.202
0.202
0.206
0.206
0.206
0.213
0.215
0.217
0.217
0.219
0.219
0.22
0.221
0.221
0.221
0.221
0.221
0.221
0.222
0.222
0.226
0.226
0.228
0.229
0.229
0.23
0.23
0.23
0.231
0.231
0.232
0.236
0.236
0.238
0.238
0.238
0.239
0.241
0.244
0.246
0.247
0.249
0.249
0.25
0.251
0.255
0.255
0.255
0.256
0.257
0.259
0.259
0.264
0.265
0.265
0.265
0.265
0.266
0.266
0.269
0.274
0.275
0.275
0.276
0.277
0.288
0.289
0.29
0.296
0.297
0.298
0.299
0.299
0.299
0.3
0.3
0.303
0.304
0.305
0.309
0.311
0.312
0.316
0.318
0.319
0.322
0.322
0.322
0.324
0.327
0.333
0.333
0.34
0.342
0.342
0.343
0.344
0.347
0.348
0.348
0.348
0.351
0.353
0.353
0.353
0.353
0.353
0.353
0.353
0.353
0.353
0.353
0.359
0.36
0.372
0.374
0.374
0.378
0.381
0.386
0.386
0.386
0.387
0.391
0.391
0.391
0.391
0.391
0.391
0.391
0.392
0.398
0.4
0.406
0.41
0.41
0.412
0.415
0.417
0.419
0.419
0.42
0.421
0.424
0.431
0.431
0.44
0.449
0.452
0.461
0.48
0.48
0.48
0.48
0.486
0.488
0.496
0.498
0.499
0.5
0.502
0.504
0.504
0.504
0.509
0.513
0.52
0.521
0.525
0.531
0.532
0.535
0.551
0.56
0.571
0.573
0.575
0.576
0.576
0.579
0.58
0.581
0.595
0.606
0.612
0.624
0.624
0.632
0.637
0.637
0.648
0.649
0.649
0.656
0.662
0.664
0.667
0.667
0.671
0.675
0.675
0.675
0.675
0.681
0.699
0.711
0.72
0.721
0.721
0.723
0.724
0.731
0.732
0.735
0.736
0.739
0.749
0.753
0.756
0.759
0.76
0.761
0.766
0.77
0.774
0.774
0.787
0.787
0.787
0.787
0.8
0.802
0.804
0.805
0.807
0.811
0.813
0.813
0.815
0.815
0.815
0.817
0.82
0.822
0.83
0.833
0.833
0.834
0.847
0.85
0.851
0.851
0.854
0.855
0.855
0.857
0.859649123
0.86
0.861538462
0.862068966
0.864864865
0.865
0.866
0.866
0.867
0.867
0.868
0.871
0.871794872
0.873239437
0.873786408
0.875
0.878
0.88
0.88
0.882
0.882352941
0.885
0.886956522
0.888888889
0.89
0.89
0.891
0.892473118
0.894736842
0.897
0.897727273
0.898989899
0.9
0.9
0.900763359
0.901785714
0.902439024
0.902654867
0.902912621
0.903
0.903225806
0.903614458
0.903614458
0.904761905
0.904761905
0.905
0.906
0.90625
0.906666667
0.906832298
0.907216495
0.908
0.908163265
0.909
0.909090909
0.91
0.91025641
0.910447761
0.911764706
0.912
0.912621359
0.913
0.913043478
0.913461538
0.913580247
0.913580247
0.913978495
0.913978495
0.914
0.914285714
0.914634146
0.915
0.915
0.91509434
0.915492958
0.915662651
0.91588785
0.916666667
0.916666667
0.916666667
0.916666667
0.916666667
0.917
0.917808219
0.917910448
0.918604651
0.918604651
0.919
0.921052632
0.921348315
0.921568627
0.921568627
0.921875
0.922155689
0.923076923
0.923076923
0.923076923
0.923076923
0.923076923
0.923913043
0.923913043
0.925
0.925531915
0.926174497
0.926315789
0.926829268
0.927
0.927
0.927083333
0.927536232
0.927631579
0.927710843
0.928571429
0.928571429
0.928571429
0.928571429
0.929824561
0.929824561
0.929824561
0.929824561
0.93
0.93006993
0.931
0.931034483
0.931034483
0.931034483
0.931034483
0.931506849
0.931623932
0.931818182
0.931818182
0.932
0.932038835
0.93220339
0.932432432
0.933333333
0.933333333
0.934010152
0.934065934
0.934210526
0.934210526
0.935064935
0.935483871
0.935483871
0.936507937
0.936708861
0.936708861
0.936936937
0.9375
0.9375
0.9375
0.9375
0.9375
0.938053097
0.938271605
0.938388626
0.93877551
0.939
0.93902439
0.939393939
0.939393939
0.939393939
0.939393939
0.939759036
0.940298507
0.940298507
0.940828402
0.941176471
0.941176471
0.941176471
0.941176471
0.941176471
0.942028986
0.94214876
0.942528736
0.942857143
0.942857143
0.942857143
0.943181818
0.943396226
0.943661972
0.943661972
0.943820225
0.943820225
0.943820225
0.944444444
0.944444444
0.944444444
0.944827586
0.944954128
0.945054945
0.945205479
0.945454545
0.945454545
0.945454545
0.945652174
0.945652174
0.945783133
0.945945946
0.946666667
0.946969697
0.946969697
0.947368421
0.947368421
0.947368421
0.947368421
0.947761194
0.947916667
0.948051948
0.948051948
0.948275862
0.948453608
0.949579832
0.95
0.95
0.950310559
0.95049505
0.950617284
0.950617284
0.950819672
0.951219512
0.951219512
0.951612903
0.951807229
0.951807229
0.952380952
0.952380952
0.952380952
0.952380952
0.952380952
0.953271028
0.953488372
0.953488372
0.953488372
0.953846154
0.954545455
0.95505618
0.95505618
0.95505618
0.955223881
0.955223881
0.955223881
0.955357143
0.955882353
0.956043956
0.956521739
0.956521739
0.956521739
0.956521739
0.957142857
0.957627119
0.957894737
0.957983193
0.958333333
0.958677686
0.95890411
0.959183673
0.959459459
0.95959596
0.96
0.96
0.96
0.960784314
0.960784314
0.960784314
0.961538462
0.961538462
0.961722488
0.962025316
0.962264151
0.9625
0.962616822
0.962962963
0.963855422
0.964912281
0.964912281
0.965517241
0.966666667
0.967213115
0.967213115
0.967741935
0.968253968
0.968253968
0.968421053
0.968879668
0.969230769
0.96969697
0.970588235
0.971014493
0.971014493
0.971428571
0.971428571
0.972972973
0.973684211
0.973684211
0.973958333
0.974025974
0.974358974
0.975308642
0.975609756
0.975609756
0.977272727
0.977272727
0.977777778
0.97826087
0.979166667
0.979166667
0.98
0.980645161
0.980769231
0.98125
0.984126984
0.984375
0.984375
0.985074627
0.985294118
0.987341772
1
1
1
1
1
1
