0.929824561404
0.952380952381
0.929411764706
0.929411764706
0.932432432432
0.932432432432
0.915492957746
0.953125
0.934426229508
0.934426229508
0.934426229508
0.934426229508
0.934426229508
0.934426229508
0.934426229508
0.934426229508
0.934426229508
0.934426229508
0.934426229508
0.938461538462
0.934426229508
0.934426229508
0.934426229508
0.934426229508
0.934426229508
0.934426229508
0.934426229508
0.940298507463
0.934426229508
0.934426229508
0.940298507463
0.936507936508
0.934426229508
0.934426229508
0.934426229508
0.934426229508
0.934426229508
0.934426229508
0.934426229508
0.934426229508
0.925373134328
0.934426229508
0.934426229508
0.934426229508
0.934426229508
0.934426229508
0.926470588235
0.934426229508
0.934426229508
0.934426229508
0.926470588235
0.934426229508
0.934426229508
0.934426229508
0.934426229508
0.935483870968
0.934426229508
0.932203389831
0.936507936508
0.932203389831
0.932203389831
0.932203389831
0.932203389831
0.932203389831
0.932203389831
0.932203389831
0.932203389831
0.932203389831
0.950617283951
0.930555555556
0.941176470588
0.972222222222
0.917808219178
0.948717948718
0.972972972973
0.986486486486
0.95652173913
0.932203389831
0.958333333333
0.932203389831
0.972602739726
0.932203389831
0.932203389831
0.932203389831
0.932203389831
0.95652173913
0.955223880597
0.945205479452
0.941176470588
0.941176470588
0.928571428571
0.942857142857
0.924242424242
0.942857142857
0.927536231884
0.958333333333
0.951612903226
0.948275862069
0.950819672131
0.936507936508
0.935483870968
0.949152542373
0.946428571429
0.952380952381
0.967741935484
0.947368421053
0.972602739726
0.894736842105
1.0
0.944444444444
0.940298507463
0.954545454545
