0.0
0.901234567901
0.901234567901
0.901234567901
0.901234567901
0.901234567901
0.901234567901
0.901234567901
0.901234567901
0.901234567901
0.901234567901
0.901234567901
0.901234567901
0.901234567901
0.901234567901
0.901234567901
0.901234567901
0.901234567901
0.901234567901
0.901234567901
0.901234567901
0.901234567901
0.901234567901
0.901234567901
0.901234567901
0.901234567901
0.901234567901
0.901234567901
0.901234567901
0.901234567901
0.901234567901
0.901234567901
0.901234567901
0.901234567901
0.901234567901
0.901234567901
0.901234567901
0.901234567901
0.901234567901
0.901234567901
0.901234567901
0.901234567901
0.901234567901
0.901234567901
0.901234567901
0.901234567901
0.901234567901
0.901234567901
0.901234567901
0.901234567901
0.901234567901
0.901234567901
0.901234567901
0.901234567901
0.901234567901
0.901234567901
0.901234567901
0.901234567901
0.901234567901
0.901234567901
0.901234567901
0.901234567901
0.901234567901
0.901234567901
0.901234567901
0.901234567901
0.901234567901
0.901234567901
0.901234567901
0.901234567901
0.901234567901
0.901234567901
0.901234567901
0.901234567901
0.901234567901
0.901234567901
0.901234567901
0.901234567901
0.901234567901
0.901234567901
0.901234567901
0.901234567901
0.885416666667
0.885416666667
0.885416666667
0.885416666667
0.885416666667
0.885416666667
0.885416666667
0.885416666667
0.885416666667
0.901234567901
