592
271
178
399
3760
2366
2366
4917
44
971
204
204
234
1071
1285
1003
2067
188
1173
876
1725
443
121
262
1711
975
292
455
1082
46
137
46
30
4774
30
572
1891
1667
27
2169
4261
1941
1851
107
2548
2031
1
1003
1107
1174
110
241
2714
16
1091
3918
116
4154
717
1832
4460
531
1003
1287
4120
1476
11
2118
16
1204
4284
4979
1174
422
2172
390
235
235
51
530
863
766
2060
1289
1437
4473
2799
366
96
872
1304
2573
778
3
1392
1034
2799
632
105
283
427
330
661
1283
1728
481
180
644
4342
4167
1979
243
1444
4513
2054
1974
943
943
1643
4424
1523
187
84
231
4591
1978
651
2101
1205
2016
1173
1784
4989
688
869
463
1237
1476
329
263
3381
1694
248
697
4538
593
1392
877
4422
1650
441
2146
300
230
1806
136
136
800
1003
1576
1103
198
1254
123
23
1279
289
1408
302
64
554
688
2103
105
1771
591
2145
1359
121
763
11
11
3878
955
1020
1880
1414
2990
118
187
3826
1476
333
1032
851
756
771
1409
4972
255
266
266
5098
269
248
155
1156
1083
707
3019
2531
6
307
1320
168
168
148
148
152
72
4530
1673
220
1942
282
924
2076
367
184
139
3739
205
329
193
193
248
2
1476
124
17
542
437
437
1092
1391
87
2121
643
1476
291
1207
78
26
772
3379
1152
1476
188
353
75
308
1003
542
1761
4584
16
180
1276
686
128
824
5090
832
1440
4810
4892
4614
135
253
253
578
475
192
1489
5
485
233
197
2054
557
268
1677
2519
4617
1512
1124
1846
1724
4042
148
148
639
3826
850
405
1149
1376
1872
2501
2021
293
203
276
825
158
1192
1697
1951
574
232
1349
20
3229
1650
475
460
1941
915
225
485
4185
553
210
791
3132
222
4230
4717
298
888
130
1032
427
19
268
780
243
1763
854
2345
545
1146
227
522
222
18
198
37
4273
5011
477
933
1013
1493
203
203
60
553
194
117
4
3918
1977
2296
1909
24
545
5012
550
24
1114
14
1868
1208
154
777
149
11
5040
205
1826
4513
871
132
117
366
1024
1777
9
4601
804
2124
5071
496
736
1914
1540
249
765
752
148
2202
1144
4184
44
44
457
1130
2059
51
95
1558
148
1226
167
3018
1206
1385
458
268
4916
3829
91
891
558
273
523
4891
4015
78
812
4891
261
102
3923
60
287
704
1679
44
44
160
1978
644
875
4
828
3363
525
3896
235
857
711
2130
4806
2777
417
1482
1920
196
1476
44
44
1538
713
16
386
108
23
535
817
1185
145
233
1476
518
232
753
2116
1618
409
306
2577
189
79
78
1569
1384
1370
4290
5
243
2202
29
1692
372
148
148
4188
1587
143
666
5
305
685
1390
1303
4
1480
1485
23
375
375
116
1827
4749
4791
1108
302
302
275
4247
1967
4736
1083
1891
148
148
36
4237
324
94
1750
263
690
470
349
4576
1301
2448
453
742
1339
1567
739
144
411
62
96
388
421
26
845
57
392
360
55
206
751
537
4034
1820
2987
86
372
941
4383
885
986
616
19
349
977
8
4406
532
1656
203
1476
17
1758
4448
150
67
4888
1084
5032
682
476
310
1598
1482
63
200
1476
2027
707
1679
342
168
1219
93
5
16
701
1302
249
46
46
141
1760
4751
4421
956
1476
1763
512
250
1476
4985
1309
1340
1545
635
2110
1682
1476
4668
1580
5047
24
270
2006
63
4909
159
202
181
47
1037
3598
940
2002
1549
204
1256
1476
121
1505
1641
589
754
314
1222
1421
2406
112
413
3019
327
34
1568
129
2131
1063
2846
684
262
3825
421
326
953
2100
876
4072
1213
397
268
3825
4
331
4714
5015
1476
575
1498
122
853
870
870
1456
2080
1397
244
198
1437
549
430
128
417
33
37
1476
1101
3882
34
1089
100
4721
1358
4943
1983
167
306
305
483
4915
3019
586
758
1960
1917
525
596
762
2232
772
176
447
2119
773
1885
936
1201
4297
1746
343
4272
4876
4853
366
1476
196
1298
330
332
443
3943
103
459
17
1547
188
4272
42
2043
185
83
38
138
4952
528
4481
680
653
1755
161
550
176
2411
3825
2154
470
1476
135
184
366
4975
5052
1182
255
807
121
1547
140
1737
121
1476
1113
457
368
66
451
1456
4906
323
541
126
1249
180
454
5106
225
1546
1840
926
2327
745
555
1476
255
374
32
431
4841
122
115
4419
951
203
4063
95
1663
346
593
1460
603
121
173
4354
774
4751
4698
218
218
112
151
1239
255
69
4
2054
634
3854
1249
258
4590
101
629
658
5061
280
632
508
472
202
202
4494
3972
1943
1447
352
245
29
381
380
252
4870
735
4297
1745
168
202
356
16
117
1248
49
1056
435
793
2206
1591
18
4212
404
178
2375
541
4047
5032
743
603
83
27
1017
1567
108
36
323
340
477
414
1376
194
1079
397
773
3947
475
7
381
1854
132
594
68
63
545
2045
4678
280
410
1548
269
269
790
4450
1867
5016
183
1756
1227
38
4203
5087
54
1421
266
1735
118
4920
2985
1768
4046
2185
122
737
401
1991
476
26
2018
5012
121
1476
1476
802
1841
305
920
253
338
472
1476
1446
590
1147
769
121
133
140
121
329
290
386
570
213
4720
48
5104
487
121
919
623
1476
121
1626
2066
904
1122
1854
1943
287
866
4938
185
184
289
1055
817
462
3017
622
723
1025
172
1080
1061
3824
198
198
613
146
167
1692
1390
1623
385
626
904
597
1562
3824
631
3054
33
1330
65
65
3834
2674
275
109
712
4191
2122
2123
2100
34
2212
2223
1031
1132
5109
4231
121
2036
784
1476
129
1174
14
115
448
1324
237
552
1455
949
700
1444
1089
90
92
1603
136
2448
1476
1766
433
701
348
480
1025
268
359
3
3
874
235
58
1604
2211
594
653
1614
479
1020
1020
1476
978
4786
1299
1476
431
128
2170
33
737
477
180
121
1476
278
116
589
650
12
1476
113
1387
272
309
3727
1576
1259
137
1854
60
997
9
1059
23
1308
329
39
233
753
2247
296
46
4571
4035
614
3945
269
34
1613
414
141
434
867
399
336
1106
1883
240
1820
4272
184
1370
952
297
14
4506
5018
328
225
5095
922
2560
1432
175
2351
268
388
4579
4591
88
4733
34
4514
1342
403
506
20
1223
110
1189
13
692
1726
184
1421
776
3019
1406
1192
307
1421
987
709
265
146
260
260
262
712
1978
1090
1370
1370
4635
424
4846
907
380
577
4737
4232
3034
288
99
586
668
37
2152
1198
1683
953
1191
191
191
1965
2006
470
4568
1172
95
35
143
724
49
283
631
687
328
452
495
1176
182
372
3761
294
1133
2112
1892
1144
1523
118
1364
245
644
265
134
1800
371
212
205
434
4809
10
282
342
468
164
250
537
95
3940
4581
88
2692
2692
456
121
534
85
812
280
527
2119
1408
305
2072
1097
182
773
65
65
359
4407
121
1475
1134
405
2149
1876
1469
834
70
1887
213
437
934
78
177
2096
79
577
3017
876
28
79
1209
433
1257
4848
372
332
124
292
1074
499
1368
299
1047
371
127
403
141
178
1088
3561
1499
787
355
165
165
840
179
220
1723
60
471
673
256
1339
108
851
2138
908
1973
2157
168
3947
138
138
420
1563
460
522
1652
1022
217
1897
4153
926
1475
2877
774
633
1071
4136
4927
138
5104
3016
1448
227
4515
853
1362
488
1949
156
35
1594
436
1982
379
1041
2642
895
1385
139
1475
4195
3841
331
385
761
1010
1320
1285
4322
54
964
1312
91
3824
1356
2921
201
126
1215
1886
13
342
755
117
1610
126
4608
2178
770
871
1852
4935
4305
1999
74
824
1745
989
22
4338
2127
711
531
639
16
1343
87
3661
63
259
66
3989
55
1069
1233
1010
481
1395
309
2167
5073
411
122
145
926
4343
4273
4373
43
233
3932
3947
1440
486
5017
1475
1902
1195
4243
4959
421
26
1954
1399
348
628
1260
1505
475
1196
612
1245
402
1047
1312
91
1175
889
1475
65
65
4270
1373
92
459
1281
4981
253
1024
1475
333
1204
940
5098
5081
621
4828
42
1908
1246
1280
102
611
158
848
663
1475
1607
1141
5043
63
323
4053
194
309
351
116
1933
4886
1525
2120
559
1475
318
2191
301
507
1475
885
754
505
1606
227
287
1634
4534
330
979
356
4752
4157
533
5072
1022
2131
242
4919
262
300
3819
4810
1388
4392
4341
1367
4089
1883
4436
5090
1099
4270
595
200
1214
5
48
627
1297
723
871
1331
159
780
112
2241
98
1200
617
289
546
194
3486
1453
391
797
1831
4615
1809
4853
122
628
782
126
2353
989
74
733
1314
205
495
4522
373
1292
1479
893
4038
344
56
1178
671
1654
2068
1982
275
31
1903
698
87
121
39
1780
2221
1840
740
3823
146
4973
4176
896
2043
4614
2372
917
215
4897
4861
535
1218
189
736
468
4556
2506
187
1023
1743
4199
2031
561
1059
352
1751
1652
4219
1037
2089
858
1643
994
695
503
645
1274
1111
4577
1858
31
41
3928
2767
4728
1952
4602
111
4106
44
735
2611
2155
4832
1843
4190
1961
4600
2115
5101
1475
336
2479
582
2351
4574
4599
295
23
4120
4272
4124
297
568
18
1091
246
1475
1401
139
591
121
1475
12
4039
146
963
81
899
166
1699
1011
1472
112
3638
198
3919
11
422
4806
553
4292
939
196
5082
4663
2204
122
895
1198
703
473
426
421
120
46
2120
1167
966
4644
809
1475
2184
468
306
231
85
789
2054
942
1824
599
95
1049
184
1060
869
2094
35
153
249
3856
699
2099
732
444
352
1293
18
405
1475
4923
306
1245
1266
350
807
343
1643
108
200
8
551
721
1786
224
1475
213
223
1378
285
1235
321
3830
5022
568
570
1026
1738
1176
756
100
157
2864
3596
1403
1846
1535
632
2003
181
2267
2554
162
714
597
1225
582
448
200
1878
492
4608
4570
2061
286
1095
256
1219
786
413
1300
366
1
302
1905
389
2847
1773
1225
3932
3709
88
376
1436
1347
264
405
1352
767
1352
1064
311
665
163
4709
500
5008
68
957
472
1775
1076
1177
192
1405
4754
1475
1286
1537
793
4531
307
1853
2176
40
85
1683
465
84
348
281
4617
1126
643
1139
1167
122
1570
4614
301
42
2656
1288
256
808
4853
911
1846
101
2150
2038
1097
1709
40
84
1513
1020
31
217
1101
129
4710
1936
139
2018
154
670
4508
559
1829
4598
4325
46
235
452
1190
472
641
3496
1027
231
17
1848
1960
1984
247
71
295
294
451
1969
4962
4810
4420
5013
213
2125
117
610
4775
4398
5036
172
207
3907
195
1667
163
916
1239
1478
1829
4554
1135
1104
1685
1538
1139
240
1366
1456
369
2079
1490
284
673
325
1475
167
2135
1457
568
2155
1331
4738
2168
3073
4270
1695
1642
206
642
46
46
1475
281
110
44
4041
4218
351
4711
1438
2054
977
119
1015
1264
4899
310
4270
1573
1825
1324
1370
1364
1494
1470
481
965
1337
5094
1494
641
4525
1573
1575
1435
116
1321
692
1291
184
1566
1565
1400
14
241
1301
2160
4270
1475
1260
319
864
864
322
332
1077
4740
231
3958
4873
287
705
1533
1348
4454
2341
936
1428
4179
605
469
1767
4919
698
962
344
1123
232
117
1177
1049
4697
1814
703
208
1679
1591
2243
261
399
1208
1449
97
1529
1447
2084
862
965
4044
97
1959
166
166
1587
1032
559
4705
86
401
97
1411
4
282
342
291
3964
925
3560
506
125
922
81
392
593
2826
1732
213
200
4267
451
1492
892
2143
375
3705
4178
2317
4073
563
2555
4037
1631
4586
4509
110
303
1376
1475
13
46
25
1063
1475
4016
428
1959
466
1841
578
2251
988
922
632
584
266
1500
19
3192
447
875
150
810
1513
312
580
879
1420
147
147
600
1453
526
82
1261
695
1918
1371
375
33
55
1056
4994
1066
1344
3
85
1381
803
4765
2653
1473
986
986
121
92
1051
745
2104
4782
746
55
4933
1475
224
847
1473
201
146
5097
398
5081
93
518
981
19
32
1802
232
1825
1116
600
4913
123
374
2146
1418
1234
552
383
1210
456
992
135
411
195
641
1621
4853
4965
208
1193
892
328
4548
3455
56
79
56
1866
599
1818
19
21
2107
18
721
2507
2975
186
1900
577
469
4641
1272
1115
107
15
4712
41
481
105
95
559
2270
498
3024
87
159
647
7
1862
232
141
1471
746
1315
889
4279
346
4356
1978
2163
36
209
1475
1397
122
4930
1145
4440
2768
168
477
32
109
813
2814
259
646
2089
98
244
9
31
2954
1244
346
4635
255
2170
2442
4653
4382
4734
121
4269
4872
4783
886
1243
565
1222
1012
1714
8
3848
4278
1430
830
674
243
4997
2196
4620
258
4400
1481
4866
201
279
1637
429
442
4574
756
1194
338
1473
2451
3024
1475
1475
4269
89
1144
1384
112
2
1077
4621
160
1135
1834
52
5057
457
1063
4050
194
1689
24
2160
614
4414
498
1400
1400
741
809
539
4401
1771
805
1739
1475
258
827
1022
952
1030
3750
4526
694
1749
425
1475
79
2821
612
655
4232
653
50
256
2307
75
121
421
1475
521
416
1230
1613
3
1692
383
1662
889
862
86
34
657
2062
4632
260
347
347
1772
1775
295
4183
1337
28
2107
831
59
277
5062
785
150
1328
676
270
1745
18
2159
1177
5098
113
1437
773
773
91
1074
42
21
323
13
4
2037
827
1475
1984
3080
1046
1063
1610
280
476
932
1378
2172
1986
356
225
2027
2046
1096
465
746
349
4999
230
357
2212
763
369
412
88
649
1823
1176
2784
89
3644
609
49
1239
4319
457
368
2026
160
119
963
1672
9
265
100
350
3928
34
50
381
2164
4485
4832
391
1150
1128
1078
3024
1051
2776
4273
125
1520
4250
188
260
4864
23
4594
17
173
4610
27
984
2122
854
3853
495
1471
1829
1856
537
190
4849
506
1475
803
3822
468
941
2433
2206
1939
3913
1475
1305
128
1065
1503
1492
204
866
2205
1377
1898
749
436
507
1475
348
5003
4321
1137
4193
54
3310
346
15
15
312
2118
309
352
511
44
846
1475
5052
894
1239
1534
182
386
2472
1436
853
2115
1271
473
114
4590
121
42
88
487
358
98
1117
502
4010
654
1757
1638
230
1653
423
593
478
197
166
354
633
633
376
376
31
770
283
383
1863
170
951
1052
1462
1475
1210
445
2179
4107
556
701
489
1409
4017
330
3746
2199
883
56
1308
1685
912
1468
809
438
1503
208
189
10
1558
452
1351
159
202
2038
1503
1550
1275
1271
4084
1510
1455
4431
186
617
1257
2160
1137
1347
707
109
604
2135
826
1300
3069
4998
1603
3260
2889
1704
398
2170
105
779
1142
4270
3118
329
687
1290
1773
2182
1496
1020
1452
4
4567
4704
4015
1566
1394
122
1064
5063
1125
465
465
40
1475
194
1437
277
756
58
4576
1025
722
612
4211
498
1475
292
293
528
1307
89
3849
1475
2115
708
1110
2353
539
1631
4952
3214
103
1047
484
389
696
90
1892
444
371
463
125
336
1368
1430
1584
227
1176
349
69
103
1203
475
375
733
682
875
2461
324
345
2768
1044
89
3821
4
258
1128
574
631
4267
579
492
1055
257
26
1923
1009
109
1463
441
1352
319
542
767
294
4012
1635
4733
45
151
869
1621
391
227
408
395
1076
310
2180
1475
4076
2160
97
690
4851
1773
4916
668
1316
155
619
154
1026
1965
1221
849
556
440
1435
4834
1413
861
160
179
648
1010
1475
4614
937
54
1349
2998
1969
633
1825
1141
126
971
1833
2170
15
138
1829
138
29
407
6
1334
1016
122
9
73
81
37
1322
862
1475
2155
1420
811
1110
174
476
4612
691
1379
528
3982
1238
850
1954
213
1026
164
4617
122
258
41
635
576
669
1095
24
4605
1372
95
196
15
1787
840
4547
1416
45
324
78
396
831
961
959
594
1469
868
186
1442
1967
308
113
1350
4422
382
1362
273
1540
340
922
113
1178
711
685
121
1210
1416
144
886
1473
783
1211
1243
470
925
1475
1215
1334
149
929
1132
584
3024
340
101
2191
642
5030
752
1138
310
325
281
634
253
3991
2045
1327
155
183
565
245
253
52
52
1234
444
13
122
106
551
1320
325
340
4527
4428
1475
112
187
2254
1118
1055
555
1656
2092
1498
240
2012
60
122
1053
608
323
94
712
34
162
428
963
234
316
1103
27
19
584
560
1216
157
2124
2183
1360
89
27
79
645
2304
40
537
2528
1220
374
224
1874
849
327
641
1173
2170
4182
4899
32
49
122
698
1660
532
40
1258
380
49
574
2385
518
1394
472
609
336
86
2047
4457
1474
3
45
2147
1013
121
461
362
1980
2089
207
4529
425
2202
189
1475
1955
4924
548
1247
31
4929
950
4853
122
2034
7
523
1298
2158
732
1197
70
1229
264
2219
96
2859
1061
1876
4902
280
857
131
2260
4623
3917
451
4736
4151
4223
1369
889
49
336
613
1822
4559
357
2216
762
508
676
1869
324
636
303
283
2202
65
245
957
2157
1048
131
975
60
692
390
144
1419
221
2052
4864
4042
110
1748
1204
353
972
98
100
509
4142
1792
4481
1293
47
533
4732
1111
1764
700
55
929
1082
444
527
416
2134
346
4600
4715
46
629
969
766
644
719
6
110
746
153
748
687
317
688
1333
132
181
656
696
7
639
664
468
634
1424
347
1160
467
991
1068
587
6
10
161
3750
291
15
242
181
3634
619
488
39
276
205
510
450
119
282
365
240
672
1845
66
1242
339
137
394
29
4865
1813
4595
122
63
267
676
1474
19
827
104
513
3676
1543
107
43
431
1474
1386
4942
452
7
470
109
2538
1474
2009
1924
153
429
282
336
679
3821
1
1224
131
1395
2432
4699
389
442
1001
1070
307
3501
297
207
356
314
336
1378
300
4667
942
4854
37
1082
617
49
1045
610
1695
1215
282
268
4671
1111
581
1925
2166
427
1279
261
661
145
353
266
1824
582
1427
116
3016
2056
1618
325
389
275
516
1307
89
2842
2158
564
468
983
5001
388
1805
1060
736
928
959
4081
2120
1475
1064
4667
4266
73
20
302
244
573
1773
1584
292
1474
947
766
49
4096
168
814
711
6
111
306
2179
1231
2662
1281
3022
2098
4185
4696
1105
290
4541
1142
1279
240
2461
54
434
2475
625
1025
1642
2183
221
54
1391
214
1468
116
63
1066
259
1084
1127
2456
614
1851
349
236
477
315
819
1747
497
440
1433
544
182
580
2257
1219
1626
86
82
215
266
2070
248
318
2390
987
1176
151
2110
755
826
68
3490
3490
2140
2225
2156
27
4288
137
1644
4406
1225
1844
27
1474
769
290
371
573
573
573
482
574
1577
964
9
293
947
144
2818
1474
241
11
137
131
821
264
959
1565
3820
193
909
274
99
504
444
1373
1179
83
119
4338
51
133
133
144
570
5355
4544
133
254
1406
1749
131
378
1808
1615
1575
1653
977
1909
352
2121
359
137
122
1215
4476
352
140
1875
1206
486
3707
1557
1670
2051
481
37
1234
220
279
203
2138
417
1474
88
660
148
4371
4320
288
4265
38
1696
1839
2014
1297
1640
457
2149
2117
19
430
713
554
437
573
110
182
1474
27
584
593
1604
123
42
1366
766
652
1720
4725
90
640
36
88
345
1168
1474
997
1250
784
234
807
907
1358
326
4625
442
396
1993
4732
559
133
745
59
122
4356
40
172
579
3977
563
320
1816
1872
1781
853
163
475
1074
1533
644
967
126
574
5083
3111
91
2134
2133
1773
350
1562
118
4210
4381
888
978
3820
1309
757
1578
1477
40
676
168
1731
264
1804
2149
1791
4356
864
4558
1959
532
369
986
20
3960
4876
2030
1735
1111
122
1119
110
473
4809
2116
1744
1842
1442
1457
1432
1432
955
28
40
1961
336
478
287
4472
3765
2005
1278
788
1410
677
1482
257
4071
1881
1843
1474
1493
428
412
244
1789
637
1062
339
1474
138
1758
934
1932
842
2491
1802
651
237
598
312
651
1911
122
141
4935
4347
138
1624
1071
1689
330
475
61
133
724
3869
1598
4254
1308
820
1237
4853
83
1246
47
357
5078
626
69
1963
1016
2144
2084
1562
1209
907
170
1592
4399
397
840
148
1774
380
1544
663
4223
1399
333
1101
13
2699
981
1240
525
566
1044
88
1297
2127
630
384
2164
179
1960
537
1339
1509
322
4423
369
1628
1982
1308
4660
533
1081
1858
1093
1365
213
1348
72
2144
409
4510
1770
409
4503
4274
1502
3993
5097
2
377
42
245
289
1209
1733
4942
468
265
4591
140
1278
351
4264
2194
1228
4409
277
1236
1150
968
835
49
1474
5078
1474
5021
109
3248
379
2116
703
1474
4843
1864
4508
346
1407
369
339
1089
1474
4446
74
1474
1887
732
346
1474
49
737
339
44
693
2159
1961
522
1135
1353
733
745
1474
2056
891
26
1603
2025
1203
1719
1054
4448
4383
1063
525
70
699
714
108
4994
4715
1106
49
3100
0
2111
1033
91
1967
440
571
1363
356
145
4411
1588
461
4825
4852
1660
4334
2150
717
855
3364
236
1474
69
3955
3911
820
1110
271
1558
1446
2082
701
272
628
241
474
1286
2606
2071
1068
755
1954
2185
2022
1631
2073
2164
988
2116
22
2584
555
608
254
2136
1478
1233
98
868
699
759
3805
1417
4866
4585
13
2358
4009
4360
143
169
749
1748
141
3917
301
1041
4263
58
1965
737
11
311
2383
1324
1859
196
1430
1611
175
26
1629
1237
179
973
616
438
536
4903
4284
2526
341
481
526
4411
2139
348
4774
2524
647
1922
2240
41
3824
1474
1932
1261
1078
1145
786
27
20
1125
1779
1474
1500
4541
115
1270
169
2629
103
2048
4479
1047
403
1033
1056
5
341
5075
4817
326
307
991
1474
768
1477
1287
33
4572
822
236
234
347
159
1924
747
191
1510
1564
1851
108
122
1854
158
1286
27
3966
2042
39
2193
26
1865
36
1421
2105
30
3520
1817
351
57
2331
2209
147
531
4080
571
4680
184
878
4312
1451
1286
2099
653
33
2089
138
81
1767
1775
383
174
161
71
1149
2114
4256
532
0
1474
124
730
1089
443
613
589
616
1422
627
74
1400
1806
4113
169
203
1407
1335
686
2530
834
1199
4556
865
1001
2034
746
1519
1323
403
1674
319
990
231
1398
534
114
443
443
1769
1216
4694
90
3989
737
3234
342
1772
1064
1474
133
2094
2030
118
2184
115
49
122
4367
3610
1975
4294
1073
1480
1003
2255
488
488
2750
57
625
152
90
637
322
2117
4139
1447
4941
3513
4501
4820
782
1195
581
1199
869
2139
346
1871
4233
2052
1869
580
1782
1767
1127
2003
1871
1732
226
431
1324
483
590
93
2193
502
1093
91
1474
587
518
3923
1181
11
714
594
2018
409
593
602
4130
831
4870
181
4321
3217
3789
90
305
2136
228
4270
1163
960
346
1239
4891
2160
1120
1120
1014
4034
90
888
398
331
3915
2156
33
154
1403
618
1474
1562
21
4719
2253
246
3962
1534
4857
4853
721
701
34
4183
3653
2144
43
1314
1030
478
4199
2478
3583
2244
4740
405
893
15
2205
696
557
1318
210
495
216
327
293
964
427
3665
602
56
1078
924
4890
733
1729
1105
217
804
3818
1943
989
1199
944
262
88
92
1421
595
1360
1677
1477
4026
11
337
3
3
2299
2172
743
115
4693
582
31
1669
3907
34
1968
1699
797
1888
224
3
486
348
427
174
4174
224
3998
4469
1677
1417
550
3944
768
1468
776
683
335
521
27
2021
946
1766
517
1209
1497
1110
103
237
56
545
150
4794
2977
2977
1554
1498
1819
5083
356
4621
161
550
377
496
989
776
2438
288
156
4016
95
1765
5
1474
435
683
1233
215
56
4785
683
26
226
1312
658
817
370
4744
540
24
64
121
461
152
1474
3435
353
359
15
648
648
5079
1964
2085
3754
810
810
786
416
1195
488
488
368
542
477
474
310
5046
391
276
231
769
1186
21
456
33
1840
1237
4511
39
1200
1337
1600
508
491
579
263
22
151
131
4533
346
1017
184
1133
992
2124
34
1952
606
1025
911
4568
167
4952
2491
1361
1474
1343
117
915
998
1740
90
424
1204
82
2169
1474
2552
5
230
477
1289
2085
4151
93
20
2170
121
1621
1474
1395
735
96
15
2
679
2218
405
504
4196
1176
921
218
1474
951
1637
1123
1716
647
1695
1162
1319
155
1146
237
146
690
1833
4017
20
268
1363
718
1540
675
6
2017
2016
4383
1719
94
132
477
202
1591
2047
499
3745
4434
4565
523
1712
910
41
382
376
2136
5111
1628
1098
1474
144
1173
1474
1264
810
205
478
245
132
290
236
1090
881
4
1639
1040
350
1020
1897
1117
4298
784
991
724
364
623
155
1171
18
4332
5100
933
1899
231
1899
2059
38
1731
1855
507
1766
322
3817
711
99
638
240
1648
357
3509
172
1324
1338
1001
229
172
5080
178
1956
202
221
227
264
336
677
4637
1401
373
797
1146
1052
13
1217
1999
5052
4732
244
2258
1503
980
356
428
444
305
431
477
1051
147
1625
74
1689
804
1659
1683
277
463
574
627
380
105
117
154
3907
240
4579
2627
184
1324
438
628
72
197
770
812
4274
2834
13
943
398
479
1288
700
691
3952
4040
697
4742
366
4573
1419
132
532
618
458
1113
4316
338
1023
460
4026
1173
1474
1986
149
203
28
891
878
192
1154
1474
5029
92
4618
241
4597
59
4547
158
1677
1222
1505
478
122
1398
4026
118
1251
630
27
3861
324
91
1406
121
2044
917
1916
239
200
1404
3838
19
1623
1106
117
7
379
162
1893
1781
165
1660
172
3816
1497
752
547
218
4168
2139
4014
334
575
4316
231
180
4129
1642
3850
638
813
674
87
1960
729
121
307
1164
1812
3935
1243
4151
703
4193
1474
369
600
204
336
180
1040
283
120
214
2033
92
1958
4497
537
123
36
1512
3002
148
4495
1937
424
167
1540
1728
149
149
149
2044
1653
5030
4998
1474
1783
1784
1852
1836
503
1778
723
3889
341
2136
4
1225
323
3510
495
3
2221
1901
1474
904
163
1903
1266
3909
70
33
5042
5002
647
291
3924
9
1663
3654
1069
818
330
1474
713
41
627
352
159
1538
4133
3671
885
76
63
2026
744
807
1341
802
1602
472
4517
5019
73
1688
4551
205
0
1039
1627
993
782
110
1017
33
352
2122
1070
4534
842
671
505
307
1457
4351
1474
1930
38
170
1015
670
1717
32
32
1468
1175
1474
3317
2057
1474
1474
2068
50
4622
246
1449
1980
521
455
121
482
708
125
42
246
990
356
3502
709
325
1972
202
92
441
3960
101
4193
1454
197
889
889
4915
1874
1185
633
694
1838
1153
1827
80
722
1474
2111
1730
501
1896
1013
121
4398
2109
895
4456
2076
1595
613
1960
37
618
1474
1847
138
751
4874
1474
635
100
294
403
291
5111
92
122
4613
194
1777
559
1188
888
4803
4362
41
883
3815
144
1784
1236
1239
146
1175
4558
699
785
108
1281
495
144
3889
1474
2007
924
523
4825
59
301
1432
3627
44
183
395
3612
1541
1220
56
1213
237
176
988
70
121
840
4581
121
4761
270
1580
952
4955
173
263
1326
1416
725
349
3953
4841
52
290
660
703
1357
4177
29
4733
139
4783
30
1740
1060
582
2450
98
533
301
4143
488
488
4363
1991
117
2360
3429
4485
148
45
1025
4566
2002
2122
520
196
1474
845
167
1131
29
1319
131
4742
4157
3570
189
1138
131
4108
22
1258
4056
323
2367
2367
30
1738
481
1081
131
3904
2587
113
854
1232
4042
56
2025
1102
661
4752
12
949
286
46
531
657
1192
54
167
4955
1609
2064
4136
2056
1024
56
4231
280
323
1222
437
2076
184
3815
88
555
746
1687
849
1277
103
1022
4740
213
989
1290
91
176
1984
1371
666
1576
434
9
26
26
22
100
263
1381
1853
323
4454
469
1577
95
76
1303
331
273
720
829
535
254
1910
2097
208
1275
1474
246
2008
865
1001
1618
1144
170
4203
607
526
398
375
1677
168
4796
1740
38
1925
517
502
57
601
1443
73
107
2045
1916
557
598
1914
103
488
352
464
625
211
92
102
469
184
1851
44
180
942
460
3922
3924
4627
145
586
1473
131
3144
1085
100
141
1477
1306
4240
4705
12
197
761
3809
2135
39
1199
1567
268
4401
1776
3481
1595
166
1473
840
1774
103
1580
2079
2027
1561
48
2603
1359
3809
1753
129
657
1101
2941
2203
1833
1245
1219
2213
4345
3327
31
1365
4277
122
518
273
49
582
1888
1160
241
2227
1473
1790
1370
2422
469
1889
1473
1885
2720
4188
2136
164
727
175
176
2127
621
37
1773
4789
1523
135
1964
744
31
4510
1996
3915
4042
2149
2123
381
2288
133
20
1649
469
824
121
152
14
561
11
1245
4667
260
776
1272
1930
715
4001
4999
910
3669
3966
398
398
62
758
1809
1687
1358
171
154
1551
226
4873
835
1920
380
4314
18
70
869
1245
1815
1970
108
304
1057
1884
932
7
384
309
932
932
7
280
928
11
4896
903
36
959
1473
434
93
1384
666
273
606
333
1428
1445
1725
891
437
1980
1059
1304
762
958
4348
4196
4101
32
5050
1042
2548
787
286
3955
859
1252
44
33
1492
824
1773
660
637
1354
532
338
279
537
39
2352
266
504
3808
3984
903
3808
259
4874
467
4927
335
2463
1490
2007
324
1490
4808
759
21
848
434
72
1983
345
405
405
1254
177
35
271
1473
1552
696
1473
5080
1185
28
68
67
4347
1726
4768
4077
36
157
4509
2139
120
4551
534
153
1077
10
1418
1446
2122
2182
1522
1906
2453
21
1282
2132
29
791
568
855
361
992
862
801
1798
1621
349
4889
203
704
1473
154
4949
14
1473
4408
1059
4534
1565
300
1111
1468
1013
14
3987
86
5025
233
594
4434
233
3808
135
249
1173
679
2749
1473
622
1321
1353
126
947
15
367
2101
1243
3918
132
973
34
347
4453
694
55
1501
937
1516
954
252
121
4788
1101
1766
1892
1134
1318
86
86
853
672
1455
1814
495
3490
388
116
12
123
1402
489
1222
4154
126
451
4467
500
2029
1429
2361
633
416
369
1260
1932
588
453
1562
1346
60
1151
80
140
589
1566
455
1750
1070
1009
126
613
50
2047
38
681
121
161
586
294
922
1418
1787
989
487
1010
130
1526
2587
584
1079
762
2154
109
776
1340
4175
1538
2493
463
1755
1223
72
517
702
1983
14
5001
5000
745
727
487
240
90
339
2130
273
63
679
1225
450
145
387
108
557
2140
386
1582
471
1310
202
359
1310
95
1946
134
120
420
447
519
3942
1780
342
3879
5102
374
121
2862
2319
1768
4754
1931
5008
2501
34
1105
986
506
506
506
506
2066
71
3667
1716
1871
2209
4197
231
1091
1534
361
1165
714
594
10
121
934
3994
878
638
126
305
4031
600
1451
1907
911
372
424
4227
1473
7
11
661
327
1908
3881
121
122
82
1519
701
564
170
1485
203
4304
495
876
292
1880
1722
128
317
428
253
1301
866
57
1085
455
4928
1930
1570
1491
677
1821
1473
468
1977
2057
4614
75
348
18
269
1247
1755
4870
1129
2051
1142
186
1407
52
85
1473
1021
1473
809
777
1042
4261
495
4566
2119
427
72
765
4027
102
1163
691
3896
3807
1473
52
3434
40
634
125
478
700
147
3277
1584
4924
156
36
1274
115
580
1677
1928
1473
499
4853
2259
4741
862
4516
148
1151
4612
4512
4136
2164
375
50
2138
1286
605
773
5020
42
1185
128
38
758
1549
4284
717
430
223
349
1001
352
56
5106
108
997
2773
4858
2226
1156
1315
484
1239
1443
506
4672
589
329
374
114
4996
2042
4030
513
1463
2185
52
285
653
942
2463
1334
230
388
1473
913
674
1891
132
503
123
279
1280
602
19
21
134
1393
1436
1581
568
1048
56
3807
4465
50
2307
3512
4269
809
903
5020
1335
4863
659
4429
3807
888
153
4011
4683
4464
4643
2094
4853
427
427
139
1473
313
89
3901
1939
149
176
2
4305
209
1204
2177
1198
1054
327
1318
1079
1079
4653
2596
4382
1473
4830
3190
915
1175
1399
203
1968
4255
4666
16
111
2863
889
318
790
1671
3198
1102
1101
1234
975
742
1879
867
262
1049
171
1810
191
4507
121
2204
95
1309
4620
3804
952
999
1650
386
2190
1142
19
1374
1138
1473
737
1269
515
567
241
4378
2061
1433
4679
786
3806
972
763
1661
4097
11
4485
1181
388
1363
621
117
234
687
354
6
2384
994
461
1216
1786
1222
83
33
563
582
582
582
582
611
412
1473
1172
928
1845
1168
336
336
1141
4470
661
157
3340
1308
3725
231
1013
1333
46
48
440
440
440
440
1473
293
4973
407
2183
3806
222
1134
1102
492
46
326
184
3478
3328
1564
1559
503
23
880
858
858
85
1844
926
2839
1539
106
4096
4678
27
108
1216
888
849
108
1038
495
1297
1971
798
1673
582
506
361
924
209
49
747
1248
734
1076
33
331
269
2131
778
182
591
818
590
194
37
408
1812
4379
78
3976
309
1280
49
4196
2067
135
979
16
1846
4437
2886
376
1692
5078
1947
3845
4252
1417
450
744
4576
1060
545
237
4190
666
34
862
489
83
314
4148
268
628
203
117
11
645
32
2862
145
94
3749
486
3542
4033
1607
327
986
176
901
2360
310
454
677
3806
56
982
4967
203
459
529
149
4493
344
16
960
37
408
2135
1631
570
199
121
1040
9
830
231
332
506
324
195
135
330
400
1341
288
212
152
54
1027
85
602
382
1031
1061
57
4939
964
86
543
1913
1650
1960
2107
2073
2308
1844
886
1177
1931
1667
1714
2195
126
42
291
0
622
639
59
1582
2087
318
1227
1211
4457
1855
3805
218
185
573
335
502
1134
1237
3291
565
295
1246
1320
1339
1354
2270
332
121
2051
1738
54
1140
316
279
969
992
2270
1104
214
1763
4284
4732
422
85
1406
84
404
27
301
41
1452
1232
550
2049
2715
756
1017
1430
1834
231
85
131
5081
3722
714
2134
105
2031
926
700
700
4201
247
4491
1473
2462
1036
2727
365
2064
1261
1259
1134
91
755
124
290
302
4375
308
308
1972
4740
1343
3310
938
1253
1902
575
829
846
2044
164
141
2287
303
54
4220
707
122
253
2826
1775
89
1920
130
1471
1471
2102
2411
495
1841
666
1457
463
270
659
0
2010
705
177
310
3744
1735
1277
4615
1406
396
37
1473
1939
593
1321
787
63
1530
105
6
2105
1398
2062
1273
452
1330
4458
1147
1097
736
1331
2021
1686
1921
114
1791
317
433
2566
1113
3259
29
847
407
4318
243
1165
1957
1960
710
4713
1410
1316
204
1473
830
516
2413
658
719
805
531
1538
170
1170
1065
4873
702
248
2097
736
286
294
1078
224
1148
1473
345
40
130
1096
406
278
1094
1869
2175
183
1984
1025
758
89
899
668
601
2100
1473
427
635
1337
1633
3804
806
1412
184
56
1001
4320
822
4627
1473
4324
2058
238
416
90
468
700
5095
1107
4285
439
289
648
56
1546
11
29
4988
1812
723
1009
448
932
3988
443
2320
56
1342
120
1516
4446
1058
561
53
2072
147
1064
902
2590
1473
1075
1824
4902
121
1272
2072
2129
3311
4190
533
1690
1249
783
1337
688
3783
4046
3652
1821
776
1981
34
539
2140
1405
512
1113
528
1326
4168
97
1093
1473
4325
688
4315
1525
1282
2101
702
1169
1704
1236
2326
710
1475
64
2129
1207
86
3700
525
534
560
1062
809
2102
111
4270
1348
93
34
3646
2151
1840
4
421
4655
614
1929
160
1473
122
1356
1001
57
815
299
1695
73
1473
1
136
1133
3
122
116
705
177
310
679
935
935
513
440
1553
145
165
2
2367
323
2761
1202
1309
1093
511
523
725
2989
1997
668
598
1536
3155
454
1467
423
663
1442
1645
875
1478
3691
3
312
1550
4647
315
33
9
877
356
132
4530
1401
140
2181
13
1473
33
1473
1072
88
3803
134
28
736
4073
1437
4034
225
1245
2580
622
212
244
4685
300
56
81
525
1718
241
4485
1422
32
3230
1436
677
17
1237
214
0
1290
2073
10
122
330
1654
40
1473
1637
664
321
1407
2307
362
4337
1473
4431
3675
3675
3675
1905
1040
35
3607
4553
3956
9
485
54
1749
1896
3312
760
187
4906
4122
24
1241
2002
1117
82
273
101
126
4995
1158
4733
662
1995
2114
4110
3982
356
1173
17
4233
854
5029
791
4
523
1390
251
28
1031
3924
9
75
3455
1374
490
762
324
185
68
1532
32
69
152
1473
9
18
2384
3023
31
1473
3880
1207
901
935
935
4317
884
1576
552
1286
1761
106
1127
812
4489
1473
358
444
285
391
238
1171
43
1633
2120
3425
1178
2306
4686
3973
546
292
3937
3628
1343
551
4037
632
1506
28
2088
289
1260
3675
4477
218
40
4394
140
1164
4211
1840
1366
1563
526
1357
1234
4676
1888
1888
2182
1279
3584
1240
4275
141
376
875
927
155
1472
41
134
1605
2007
4132
299
179
9
4823
2583
2350
1513
4982
81
1564
477
1712
69
4898
1302
767
209
15
40
1180
1021
184
1422
1932
4140
676
1115
5083
765
2154
1051
105
920
1129
1121
1052
3214
1757
3577
1137
126

