592
271
178
399
3760
2366
2366
4917
44
971
204
204
234
1071
1285
1003
2067
188
1173
876
1725
443
121
262
1711
975
292
455
1082
46
137
46
30
4774
30
572
1891
1667
27
2169
4261
1941
1851
107
2548
2031
1
1003
1107
1174
110
241
2714
16
1091
3918
116
4154
717
1832
4460
531
1003
1287
4120
1476
11
2118
16
1204
4284
4979
1174
422
2172
390
235
235
51
530
863
766
2060
1289
1437
4473
2799
366
96
872
1304
2573
778
3
1392
1034
2799
632
105
283
427
330
661
1283
1728
481
180
644
4342
4167
1979
243
1444
4513
2054
1974
943
943
1643
4424
1523
187
84
231
4591
1978
651
2101
1205
2016
1173
1784
4989
688
869
463
1237
1476
329
263
3381
1694
248
697
4538
593
1392
877
4422
1650
441
2146
300
230
1806
136
136
800
1003
1576
1103
198
1254
123
23
1279
289
1408
302
64
554
688
2103
105
1771
591
2145
1359
121
763
11
11
3878
955
1020
1880
1414
2990
118
187
3826
1476
333
1032
851
756
771
1409
4972
255
266
266
5098
269
248
155
1156
1083
707
3019
2531
6
307
1320
168
168
148
148
152
72
4530
1673
220
1942
282
924
2076
367
184
139
3739
205
329
193
193
248
2
1476
124
17
542
437
437
1092
1391
87
2121
643
1476
291
1207
78
26
772
3379
1152
1476
188
353
75
308
1003
542
1761
4584
16
180
1276
686
128
824
5090
832
1440
4810
4892
4614
135
253
253
578
475
192
1489
5
485
233
197
2054
557
268
1677
2519
4617
1512
1124
1846
1724
4042
148
148
639
3826
850
405
1149
1376
1872
2501
2021
293
203
276
825
158
1192
1697
1951
574
232
1349
20
3229
1650
475
460
1941
915
225
485
4185
553
210
791
3132
222
4230
4717
298
888
130
1032
427
19
268
780
243
1763
854
2345
545
1146
227
522
222
18
198
37
4273
5011
477
933
1013
1493
203
203
60
553
194
117
4
3918
1977
2296
1909
24
545
5012
550
24
1114
14
1868
1208
154
777
149
11
5040
205
1826
4513
871
132
117
366
1024
1777
9
4601
804
2124
5071
496
736
1914
1540
249
765
752
148
2202
1144
4184
44
44
457
1130
2059
51
95
1558
148
1226
167
3018
1206
1385
458
268
4916
3829
91
891
558
273
523
4891
4015
78
812
4891
261
102
3923
60
287
704
1679
44
44
160
1978
644
875
4
828
3363
525
3896
235
857
711
2130
4806
2777
417
1482
1920
196
1476
44
44
1538
713
16
386
108
23
535
817
1185
145
233
1476
518
232
753
2116
1618
409
306
2577
189
79
78
1569
1384
1370
4290
5
243
2202
29
1692
372
148
148
4188
1587
143
666
5
305
685
1390
1303
4
1480
1485
23
375
375
116
1827
4749
4791
1108
302
302
275
4247
1967
4736
1083
1891
148
148
36
4237
324
94
1750
263
690
470
349
4576
1301
2448
453
742
1339
1567
739
144
411
62
96
388
421
26
845
57
392
360
55
206
751
537
4034
1820
2987
86
372
941
4383
885
986
616
19
349
977
8
4406
532
1656
203
1476
17
1758
4448
150
67
4888
1084
5032
682
476
310
1598
1482
63
200
1476
2027
707
1679
342
168
1219
93
5
16
701
1302
249
46
46
141
1760
4751
4421
956
1476
1763
512
250
1476
4985
1309
1340
1545
635
2110
1682
1476
4668
1580
5047
24
270
2006
63
4909
159
202
181
47
1037
3598
940
2002
1549
204
1256
1476
121
1505
1641
589
754
314
1222
1421
2406
112
413
3019
327
34
1568
129
2131
1063
2846
684
262
3825
421
326
953
2100
876
4072
1213
397
268
3825
4
331
4714
5015
1476
575
1498
122
853
870
870
1456
2080
1397
244
198
1437
549
430
128
417
33
37
1476
1101
3882
34
1089
100
4721
1358
4943
1983
167
306
305
483
4915
3019
586
758
1960
1917
525
596
762
2232
772
176
447
2119
773
1885
936
1201
4297
1746
343
4272
4876
4853
366
1476
196
1298
330
332
443
3943
103
459
17
1547
188
4272
42
2043
185
83
38
138
4952
528
4481
680
653
1755
161
550
176
2411
3825
2154
470
1476
135
184
366
4975
5052
1182
255
807
121
1547
140
1737
121
1476
1113
457
368
66
451
1456
4906
323
541
126
1249
180
454
5106
225
1546
1840
926
2327
745
555
1476
255
374
32
431
4841
122
115
4419
951
203
4063
95
1663
346
593
1460
603
121
173
4354
774
4751
4698
218
218
112
151
1239
255
69
4
2054
634
3854
1249
258
4590
101
629
658
5061
280
632
508
472
202
202
4494
3972
1943
1447
352
245
29
381
380
252
4870
735
4297
1745
168
202
356
16
117
1248
49
1056
435
793
2206
1591
18
4212
404
178
2375
541
4047
5032
743
603
83
27
1017
1567
108
36
323
340
477
