414
1376
194
1079
397
773
3947
475
7
381
1854
132
594
68
63
545
2045
4678
280
410
1548
269
269
790
4450
1867
5016
183
1756
1227
38
4203
5087
54
1421
266
1735
118
4920
2985
1768
4046
2185
122
737
401
1991
476
26
2018
5012
121
1476
1476
802
1841
305
920
253
338
472
1476
1446
590
1147
769
121
133
140
121
329
290
386
570
213
4720
48
5104
487
121
919
623
1476
121
1626
2066
904
1122
1854
1943
287
866
4938
185
184
289
1055
817
462
3017
622
723
1025
172
1080
1061
3824
198
198
613
146
167
1692
1390
1623
385
626
904
597
1562
3824
631
3054
33
1330
65
65
3834
2674
275
109
712
4191
2122
2123
2100
34
2212
2223
1031
1132
5109
4231
121
2036
784
1476
129
1174
14
115
448
1324
237
552
1455
949
700
1444
1089
90
92
1603
136
2448
1476
1766
433
701
348
480
1025
268
359
3
3
874
235
58
1604
2211
594
653
1614
479
1020
1020
1476
978
4786
1299
1476
431
128
2170
33
737
477
180
121
1476
278
116
589
650
12
1476
113
1387
272
309
3727
1576
1259
137
1854
60
997
9
1059
23
1308
329
39
233
753
2247
296
46
4571
4035
614
3945
269
34
1613
414
141
434
867
399
336
1106
1883
240
1820
4272
184
1370
952
297
14
4506
5018
328
225
5095
922
2560
1432
175
2351
268
388
4579
4591
88
4733
34
4514
1342
403
506
20
1223
110
1189
13
692
1726
184
1421
776
3019
1406
1192
307
1421
987
709
265
146
260
260
262
712
1978
1090
1370
1370
4635
424
4846
907
380
577
4737
4232
3034
288
99
586
668
37
2152
1198
1683
953
1191
191
191
1965
2006
470
4568
1172
95
35
143
724
49
283
631
687
328
452
495
1176
182
372
3761
294
1133
2112
1892
1144
1523
118
1364
245
644
265
134
1800
371
212
205
434
4809
10
282
342
468
164
250
537
95
3940
4581
88
2692
2692
456
121
534
85
812
280
527
2119
1408
305
2072
1097
182
773
65
65
359
4407
121
1475
1134
405
2149
1876
1469
834
70
1887
213
437
934
78
177
2096
79
577
3017
876
28
79
1209
433
1257
4848
372
332
124
292
1074
499
1368
299
1047
371
127
403
141
178
1088
3561
1499
787
355
165
165
840
179
220
1723
60
471
673
256
1339
108
851
2138
908
1973
2157
168
3947
138
138
420
1563
460
522
1652
1022
217
1897
4153
926
1475
2877
774
633
1071
4136
4927
138
5104
3016
1448
227
4515
853
1362
488
1949
156
35
1594
436
1982
379
1041
2642
895
1385
139
1475
4195
3841
331
385
761
1010
1320
1285
4322
54
964
1312
91
3824
1356
2921
201
126
1215
1886
13
342
755
117
1610
126
4608
2178
770
871
1852
4935
4305
1999
74
824
1745
989
22
4338
2127
711
531
639
16
1343
87
3661
63
259
66
3989
55
1069
1233
1010
481
1395
309
2167
5073
411
122
145
926
4343
4273
4373
43
233
3932
3947
1440
486
5017
1475
1902
1195
4243
4959
421
26
1954
1399
348
628
1260
1505
475
1196
612
1245
402
1047
1312
91
1175
889
1475
65
65
4270
1373
92
459
1281
4981
253
1024
1475
333
1204
940
5098
5081
621
4828
42
1908
1246
1280
102
611
158
848
663
1475
1607
1141
5043
63
323
4053
194
309
351
116
1933
4886
1525
2120
559
1475
318
2191
301
507
1475
885
754
505
1606
227
287
1634
4534
330
979
356
4752
4157
533
5072
1022
2131
242
4919
262
300
3819
4810
1388
4392
4341
1367
4089
1883
4436
5090
1099
4270
595
200
1214
5
48
627
1297
723
871
1331
159
780
112
2241
98
1200
617
289
546
194
3486
1453
391
797
1831
4615
1809
4853
122
628
782
126
2353
989
74
733
1314
205
495
4522
373
1292
1479
893
4038
344
56
1178
671
1654
2068
1982
275
31
1903
698
87
121
39
1780
2221
1840
740
3823
146
4973
4176
896
2043
4614
2372
917
215
4897
4861
535
1218
189
736
468
4556
2506
187
1023
1743
4199
2031
561
1059
352
1751
1652
4219
1037
2089
858
1643
994
695
503
645
1274
1111
4577
1858
31
41
3928
2767
4728
1952
4602
111
4106
44
735
2611
2155
4832
1843
4190
1961
4600
2115
5101
1475
336
2479
582
2351
4574
4599
295
23
4120
4272
4124
297
568
18
1091
246
1475
1401
139
591
121
1475
12
4039
146
963
81
899
166
1699
1011
1472
112
3638
198
3919
11
422
4806
553
4292
939
196
5082
4663
2204
122
895
1198
703
473
426
421
120
46
2120
1167
966
4644
809
1475
2184
468
