306
231
85
789
2054
942
1824
599
95
1049
184
1060
869
2094
35
153
249
3856
699
2099
732
444
352
1293
18
405
1475
4923
306
1245
1266
350
807
343
1643
108
200
8
551
721
1786
224
1475
213
223
1378
285
1235
321
3830
5022
568
570
1026
1738
1176
756
100
157
2864
3596
1403
1846
1535
632
2003
181
2267
2554
162
714
597
1225
582
448
200
1878
492
4608
4570
2061
286
1095
256
1219
786
413
1300
366
1
302
1905
389
2847
1773
1225
3932
3709
88
376
1436
1347
264
405
1352
767
1352
1064
311
665
163
4709
500
5008
68
957
472
1775
1076
1177
192
1405
4754
1475
1286
1537
793
4531
307
1853
2176
40
85
1683
465
84
348
281
4617
1126
643
1139
1167
122
1570
4614
301
42
2656
1288
256
808
4853
911
1846
101
2150
2038
1097
1709
40
84
1513
1020
31
217
1101
129
4710
1936
139
2018
154
670
4508
559
1829
4598
4325
46
235
452
1190
472
641
3496
1027
231
17
1848
1960
1984
247
71
295
294
451
1969
4962
4810
4420
5013
213
2125
117
610
4775
4398
5036
172
207
3907
195
1667
163
916
1239
1478
1829
4554
1135
1104
1685
1538
1139
240
1366
1456
369
2079
1490
284
673
325
1475
167
2135
1457
568
2155
1331
4738
2168
3073
4270
1695
1642
206
642
46
46
1475
281
110
44
4041
4218
351
4711
1438
2054
977
119
1015
1264
4899
310
4270
1573
1825
1324
1370
1364
1494
1470
481
965
1337
5094
1494
641
4525
1573
1575
1435
116
1321
692
1291
184
1566
1565
1400
14
241
1301
2160
4270
1475
1260
319
864
864
322
332
1077
4740
231
3958
4873
287
705
1533
1348
4454
2341
936
1428
4179
605
469
1767
4919
698
962
344
1123
232
117
1177
1049
4697
1814
703
208
1679
1591
2243
261
399
1208
1449
97
1529
1447
2084
862
965
4044
97
1959
166
166
1587
1032
559
4705
86
401
97
1411
4
282
342
291
3964
925
3560
506
125
922
81
392
593
2826
1732
213
200
4267
451
1492
892
2143
375
3705
4178
2317
4073
563
2555
4037
1631
4586
4509
110
303
1376
1475
13
46
25
1063
1475
4016
428
1959
466
1841
578
2251
988
922
632
584
266
1500
19
3192
447
875
150
810
1513
312
580
879
1420
147
147
600
1453
526
82
1261
695
1918
1371
375
33
55
1056
4994
1066
1344
3
85
1381
803
4765
2653
1473
986
986
121
92
1051
745
2104
4782
746
55
4933
1475
224
847
1473
201
146
5097
398
5081
93
518
981
19
32
1802
232
1825
1116
600
4913
123
374
2146
1418
1234
552
383
1210
456
992
135
411
195
641
1621
4853
4965
208
1193
892
328
4548
3455
56
79
56
1866
599
1818
19
21
2107
18
721
2507
2975
186
1900
577
469
4641
1272
1115
107
15
4712
41
481
105
95
559
2270
498
3024
87
159
647
7
1862
232
141
1471
746
1315
889
4279
346
4356
1978
2163
36
209
1475
1397
122
4930
1145
4440
2768
168
477
32
109
813
2814
259
646
2089
98
244
9
31
2954
1244
346
4635
255
2170
2442
4653
4382
4734
121
4269
4872
4783
886
1243
565
1222
1012
1714
8
3848
4278
1430
830
674
243
4997
2196
4620
258
4400
1481
4866
201
279
1637
429
442
4574
756
1194
338
1473
2451
3024
1475
1475
4269
89
1144
1384
112
2
1077
4621
160
1135
1834
52
5057
457
1063
4050
194
1689
24
2160
614
4414
498
1400
1400
741
809
539
4401
1771
805
1739
1475
258
827
1022
952
1030
3750
4526
694
1749
425
1475
79
2821
612
655
4232
653
50
256
2307
75
121
421
1475
521
416
1230
1613
3
1692
383
1662
889
862
86
34
657
2062
4632
260
347
347
1772
1775
295
4183
1337
28
2107
831
59
277
5062
785
150
1328
676
270
1745
18
2159
1177
5098
113
1437
773
773
91
1074
42
21
323
13
4
2037
827
1475
1984
3080
1046
1063
1610
280
476
932
1378
2172
1986
356
225
2027
2046
1096
465
746
349
4999
230
357
2212
763
369
412
88
649
1823
1176
2784
89
3644
609
49
1239
4319
457
368
2026
160
119
963
1672
9
265
100
350
3928
34
50
381
2164
4485
4832
391
1150
1128
1078
3024
1051
2776
4273
125
1520
4250
188
260
4864
23
4594
17
173
4610
27
984
2122
854
3853
495
1471
1829
1856
537
190
4849
506
1475
803
3822
468
941
2433
2206
1939
3913
1475
1305
128
1065
1503
1492
204
866
2205
1377
1898
749
436
507
1475
348
5003
4321
1137
4193
54
3310
346
15
15
312
2118
309
352
511
44
846
1475
5052
894
1239
1534
182
386
2472
1436
853
2115
1271
473
114
4590
121
42
88
487
358
98
1117
502
4010
654
1757
