1638
230
1653
423
593
478
197
166
354
633
633
376
376
31
770
283
383
1863
170
951
1052
1462
1475
1210
445
2179
4107
556
701
489
1409
4017
330
3746
2199
883
56
1308
1685
912
1468
809
438
1503
208
189
10
1558
452
1351
159
202
2038
1503
1550
1275
1271
4084
1510
1455
4431
186
617
1257
2160
1137
1347
707
109
604
2135
826
1300
3069
4998
1603
3260
2889
1704
398
2170
105
779
1142
4270
3118
329
687
1290
1773
2182
1496
1020
1452
4
4567
4704
4015
1566
1394
122
1064
5063
1125
465
465
40
1475
194
1437
277
756
58
4576
1025
722
612
4211
498
1475
292
293
528
1307
89
3849
1475
2115
708
1110
2353
539
1631
4952
3214
103
1047
484
389
696
90
1892
444
371
463
125
336
1368
1430
1584
227
1176
349
69
103
1203
475
375
733
682
875
2461
324
345
2768
1044
89
3821
4
258
1128
574
631
4267
579
492
1055
257
26
1923
1009
109
1463
441
1352
319
542
767
294
4012
1635
4733
45
151
869
1621
391
227
408
395
1076
310
2180
1475
4076
2160
97
690
4851
1773
4916
668
1316
155
619
154
1026
1965
1221
849
556
440
1435
4834
1413
861
160
179
648
1010
1475
4614
937
54
1349
2998
1969
633
1825
1141
126
971
1833
2170
15
138
1829
138
29
407
6
1334
1016
122
9
73
81
37
1322
862
1475
2155
1420
811
1110
174
476
4612
691
1379
528
3982
1238
850
1954
213
1026
164
4617
122
258
41
635
576
669
1095
24
4605
1372
95
196
15
1787
840
4547
1416
45
324
78
396
831
961
959
594
1469
868
186
1442
1967
308
113
1350
4422
382
1362
273
1540
340
922
113
1178
711
685
121
1210
1416
144
886
1473
783
1211
1243
470
925
1475
1215
1334
149
929
1132
584
3024
340
101
2191
642
5030
752
1138
310
325
281
634
253
3991
2045
1327
155
183
565
245
253
52
52
1234
444
13
122
106
551
1320
325
340
4527
4428
1475
112
187
2254
1118
1055
555
1656
2092
1498
240
2012
60
122
1053
608
323
94
712
34
162
428
963
234
316
1103
27
19
584
560
1216
157
2124
2183
1360
89
27
79
645
2304
40
537
2528
1220
374
224
1874
849
327
641
1173
2170
4182
4899
32
49
122
698
1660
532
40
1258
380
49
574
2385
518
1394
472
609
336
86
2047
4457
1474
3
45
2147
1013
121
461
362
1980
2089
207
4529
425
2202
189
1475
1955
4924
548
1247
31
4929
950
4853
122
2034
7
523
1298
2158
732
1197
70
1229
264
2219
96
2859
1061
1876
4902
280
857
131
2260
4623
3917
451
4736
4151
4223
1369
889
49
336
613
1822
4559
357
2216
762
508
676
1869
324
636
303
283
2202
65
245
957
2157
1048
131
975
60
692
390
144
1419
221
2052
4864
4042
110
1748
1204
353
972
98
100
509
4142
1792
4481
1293
47
533
4732
1111
1764
700
55
929
1082
444
527
416
2134
346
4600
4715
46
629
969
766
644
719
6
110
746
153
748
687
317
688
1333
132
181
656
696
7
639
664
468
634
1424
347
1160
467
991
1068
587
6
10
161
3750
291
15
242
181
3634
619
488
39
276
205
510
450
119
282
365
240
672
1845
66
1242
339
137
394
29
4865
1813
4595
122
63
267
676
1474
19
827
104
513
3676
1543
107
43
431
1474
1386
4942
452
7
470
109
2538
1474
2009
1924
153
429
282
336
679
3821
1
1224
131
1395
2432
4699
389
442
1001
1070
307
3501
297
207
356
314
336
1378
300
4667
942
4854
37
1082
617
49
1045
610
1695
1215
282
268
4671
1111
581
1925
2166
427
1279
261
661
145
353
266
1824
582
1427
116
3016
2056
1618
325
389
275
516
1307
89
2842
2158
564
468
983
5001
388
1805
1060
736
928
959
4081
2120
1475
1064
4667
4266
73
20
302
244
573
1773
1584
292
1474
947
766
49
4096
168
814
711
6
111
306
2179
1231
2662
1281
3022
2098
4185
4696
1105
290
4541
1142
1279
240
2461
54
434
2475
625
1025
1642
2183
221
54
1391
214
1468
116
63
1066
259
1084
1127
2456
614
1851
349
236
477
315
819
1747
497
440
1433
544
182
580
2257
1219
1626
86
82
215
266
2070
248
318
2390
987
1176
151
2110
755
826
68
3490
3490
2140
2225
2156
27
4288
137
1644
4406
1225
1844
27
1474
769
290
371
573
573
573
482
574
1577
964
9
293
947
144
2818
1474
241
