11
137
131
821
264
959
1565
3820
193
909
274
99
504
444
1373
1179
83
119
4338
51
133
133
144
570
5355
4544
133
254
1406
1749
131
378
1808
1615
1575
1653
977
1909
352
2121
359
137
122
1215
4476
352
140
1875
1206
486
3707
1557
1670
2051
481
37
1234
220
279
203
2138
417
1474
88
660
148
4371
4320
288
4265
38
1696
1839
2014
1297
1640
457
2149
2117
19
430
713
554
437
573
110
182
1474
27
584
593
1604
123
42
1366
766
652
1720
4725
90
640
36
88
345
1168
1474
997
1250
784
234
807
907
1358
326
4625
442
396
1993
4732
559
133
745
59
122
4356
40
172
579
3977
563
320
1816
1872
1781
853
163
475
1074
1533
644
967
126
574
5083
3111
91
2134
2133
1773
350
1562
118
4210
4381
888
978
3820
1309
757
1578
1477
40
676
168
1731
264
1804
2149
1791
4356
864
4558
1959
532
369
986
20
3960
4876
2030
1735
1111
122
1119
110
473
4809
2116
1744
1842
1442
1457
1432
1432
955
28
40
1961
336
478
287
4472
3765
2005
1278
788
1410
677
1482
257
4071
1881
1843
1474
1493
428
412
244
1789
637
1062
339
1474
138
1758
934
1932
842
2491
1802
651
237
598
312
651
1911
122
141
4935
4347
138
1624
1071
1689
330
475
61
133
724
3869
1598
4254
1308
820
1237
4853
83
1246
47
357
5078
626
69
1963
1016
2144
2084
1562
1209
907
170
1592
4399
397
840
148
1774
380
1544
663
4223
1399
333
1101
13
2699
981
1240
525
566
1044
88
1297
2127
630
384
2164
179
1960
537
1339
1509
322
4423
369
1628
1982
1308
4660
533
1081
1858
1093
1365
213
1348
72
2144
409
4510
1770
409
4503
4274
1502
3993
5097
2
377
42
245
289
1209
1733
4942
468
265
4591
140
1278
351
4264
2194
1228
4409
277
1236
1150
968
835
49
1474
5078
1474
5021
109
3248
379
2116
703
1474
4843
1864
4508
346
1407
369
339
1089
1474
4446
74
1474
1887
732
346
1474
49
737
339
44
693
2159
1961
522
1135
1353
733
745
1474
2056
891
26
1603
2025
1203
1719
1054
4448
4383
1063
525
70
699
714
108
4994
4715
1106
49
3100
0
2111
1033
91
1967
440
571
1363
356
145
4411
1588
461
4825
4852
1660
4334
2150
717
855
3364
236
1474
69
3955
3911
820
1110
271
1558
1446
2082
701
272
628
241
474
1286
2606
2071
1068
755
1954
2185
2022
1631
2073
2164
988
2116
22
2584
555
608
254
2136
1478
1233
98
868
699
759
3805
1417
4866
4585
13
2358
4009
4360
143
169
749
1748
141
3917
301
1041
4263
58
1965
737
11
311
2383
1324
1859
196
1430
1611
175
26
1629
1237
179
973
616
438
536
4903
4284
2526
341
481
526
4411
2139
348
4774
2524
647
1922
2240
41
3824
1474
1932
1261
1078
1145
786
27
20
1125
1779
1474
1500
4541
115
1270
169
2629
103
2048
4479
1047
403
1033
1056
5
341
5075
4817
326
307
991
1474
768
1477
1287
33
4572
822
236
234
347
159
1924
747
191
1510
1564
1851
108
122
1854
158
1286
27
3966
2042
39
2193
26
1865
36
1421
2105
30
3520
1817
351
57
2331
2209
147
531
4080
571
4680
184
878
4312
1451
1286
2099
653
33
2089
138
81
1767
1775
383
174
161
71
1149
2114
4256
532
0
1474
124
730
1089
443
613
589
616
1422
627
74
1400
1806
4113
169
203
1407
1335
686
2530
834
1199
4556
865
1001
2034
746
1519
1323
403
1674
319
990
231
1398
534
114
443
443
1769
1216
4694
90
3989
737
3234
342
1772
1064
1474
133
2094
2030
118
2184
115
49
122
4367
3610
1975
4294
1073
1480
1003
2255
488
488
2750
57
625
152
90
637
322
2117
4139
1447
4941
3513
4501
4820
782
1195
581
1199
869
2139
346
1871
4233
2052
1869
580
1782
1767
1127
2003
1871
1732
226
431
1324
483
590
93
2193
502
1093
91
1474
587
518
3923
1181
11
714
594
2018
409
593
602
4130
831
4870
181
4321
3217
3789
90
305
2136
228
4270
1163
960
346
1239
4891
2160
1120
1120
1014
4034
90
888
398
331
3915
2156
33
154
1403
618
1474
1562
21
4719
2253
246
3962
1534
4857
4853
721
701
34
4183
3653
2144
43
1314
1030
478
4199
2478
3583
2244
4740
405
893
15
2205
696
557
1318
210
495
216
327
293
964
427
3665
602
56
1078
924
4890
733
1729
1105
217
804
3818
1943
989
1199
944
262
88
92
1421
595
1360
1677
1477
4026
11
337
3
3
2299
2172
743
115
4693
582
31
1669
3907
34
1968
1699
797
1888
