224
3
486
348
427
174
4174
224
3998
4469
1677
1417
550
3944
768
1468
776
683
335
521
27
2021
946
1766
517
1209
1497
1110
103
237
56
545
150
4794
2977
2977
1554
1498
1819
5083
356
4621
161
550
377
496
989
776
2438
288
156
4016
95
1765
5
1474
435
683
1233
215
56
4785
683
26
226
1312
658
817
370
4744
540
24
64
121
461
152
1474
3435
353
359
15
648
648
5079
1964
2085
3754
810
810
786
416
1195
488
488
368
542
477
474
310
5046
391
276
231
769
1186
21
456
33
1840
1237
4511
39
1200
1337
1600
508
491
579
263
22
151
131
4533
346
1017
184
1133
992
2124
34
1952
606
1025
911
4568
167
4952
2491
1361
1474
1343
117
915
998
1740
90
424
1204
82
2169
1474
2552
5
230
477
1289
2085
4151
93
20
2170
121
1621
1474
1395
735
96
15
2
679
2218
405
504
4196
1176
921
218
1474
951
1637
1123
1716
647
1695
1162
1319
155
1146
237
146
690
1833
4017
20
268
1363
718
1540
675
6
2017
2016
4383
1719
94
132
477
202
1591
2047
499
3745
4434
4565
523
1712
910
41
382
376
2136
5111
1628
1098
1474
144
1173
1474
1264
810
205
478
245
132
290
236
1090
881
4
1639
1040
350
1020
1897
1117
4298
784
991
724
364
623
155
1171
18
4332
5100
933
1899
231
1899
2059
38
1731
1855
507
1766
322
3817
711
99
638
240
1648
357
3509
172
1324
1338
1001
229
172
5080
178
1956
202
221
227
264
336
677
4637
1401
373
797
1146
1052
13
1217
1999
5052
4732
244
2258
1503
980
356
428
444
305
431
477
1051
147
1625
74
1689
804
1659
1683
277
463
574
627
380
105
117
154
3907
240
4579
2627
184
1324
438
628
72
197
770
812
4274
2834
13
943
398
479
1288
700
691
3952
4040
697
4742
366
4573
1419
132
532
618
458
1113
4316
338
1023
460
4026
1173
1474
1986
149
203
28
891
878
192
1154
1474
5029
92
4618
241
4597
59
4547
158
1677
1222
1505
478
122
1398
4026
118
1251
630
27
3861
324
91
1406
121
2044
917
1916
239
200
1404
3838
19
1623
1106
117
7
379
162
1893
1781
165
1660
172
3816
1497
752
547
218
4168
2139
4014
334
575
4316
231
180
4129
1642
3850
638
813
674
87
1960
729
121
307
1164
1812
3935
1243
4151
703
4193
1474
369
600
204
336
180
1040
283
120
214
2033
92
1958
4497
537
123
36
1512
3002
148
4495
1937
424
167
1540
1728
149
149
149
2044
1653
5030
4998
1474
1783
1784
1852
1836
503
1778
723
3889
341
2136
4
1225
323
3510
495
3
2221
1901
1474
904
163
1903
1266
3909
70
33
5042
5002
647
291
3924
9
1663
3654
1069
818
330
1474
713
41
627
352
159
1538
4133
3671
885
76
63
2026
744
807
1341
802
1602
472
4517
5019
73
1688
4551
205
0
1039
1627
993
782
110
1017
33
352
2122
1070
4534
842
671
505
307
1457
4351
1474
1930
38
170
1015
670
1717
32
32
1468
1175
1474
3317
2057
1474
1474
2068
50
4622
246
1449
1980
521
455
121
482
708
125
42
246
990
356
3502
709
325
1972
202
92
441
3960
101
4193
1454
197
889
889
4915
1874
1185
633
694
1838
1153
1827
80
722
1474
2111
1730
501
1896
1013
121
4398
2109
895
4456
2076
1595
613
1960
37
618
1474
1847
138
751
4874
1474
635
100
294
403
291
5111
92
122
4613
194
1777
559
1188
888
4803
4362
41
883
3815
144
1784
1236
1239
146
1175
4558
699
785
108
1281
495
144
3889
1474
2007
924
523
4825
59
301
1432
3627
44
183
395
3612
1541
1220
56
1213
237
176
988
70
121
840
4581
121
4761
270
1580
952
4955
173
263
1326
1416
725
349
3953
4841
52
290
660
703
1357
4177
29
4733
139
4783
30
1740
1060
582
2450
98
533
301
4143
488
488
4363
1991
117
2360
3429
4485
148
45
1025
4566
2002
2122
520
196
1474
845
167
1131
29
1319
131
4742
4157
3570
189
1138
131
4108
22
1258
4056
323
2367
2367
30
1738
481
1081
131
3904
2587
113
854
1232
4042
56
2025
1102
661
4752
12
949
286
46
531
657
1192
54
167
4955
1609
2064
4136
2056
1024
56
4231
280
323
1222
437
2076
184
3815
88
555
746
1687
849
1277
103
1022
4740
213
989
1290
91
176
1984
1371
666
1576
434
9
26
26
22
100
263
1381
1853
323
4454
469
1577
95
76
1303
331
