273
720
829
535
254
1910
2097
208
1275
1474
246
2008
865
1001
1618
1144
170
4203
607
526
398
375
1677
168
4796
1740
38
1925
517
502
57
601
1443
73
107
2045
1916
557
598
1914
103
488
352
464
625
211
92
102
469
184
1851
44
180
942
460
3922
3924
4627
145
586
1473
131
3144
1085
100
141
1477
1306
4240
4705
12
197
761
3809
2135
39
1199
1567
268
4401
1776
3481
1595
166
1473
840
1774
103
1580
2079
2027
1561
48
2603
1359
3809
1753
129
657
1101
2941
2203
1833
1245
1219
2213
4345
3327
31
1365
4277
122
518
273
49
582
1888
1160
241
2227
1473
1790
1370
2422
469
1889
1473
1885
2720
4188
2136
164
727
175
176
2127
621
37
1773
4789
1523
135
1964
744
31
4510
1996
3915
4042
2149
2123
381
2288
133
20
1649
469
824
121
152
14
561
11
1245
4667
260
776
1272
1930
715
4001
4999
910
3669
3966
398
398
62
758
1809
1687
1358
171
154
1551
226
4873
835
1920
380
4314
18
70
869
1245
1815
1970
108
304
1057
1884
932
7
384
309
932
932
7
280
928
11
4896
903
36
959
1473
434
93
1384
666
273
606
333
1428
1445
1725
891
437
1980
1059
1304
762
958
4348
4196
4101
32
5050
1042
2548
787
286
3955
859
1252
44
33
1492
824
1773
660
637
1354
532
338
279
537
39
2352
266
504
3808
3984
903
3808
259
4874
467
4927
335
2463
1490
2007
324
1490
4808
759
21
848
434
72
1983
345
405
405
1254
177
35
271
1473
1552
696
1473
5080
1185
28
68
67
4347
1726
4768
4077
36
157
4509
2139
120
4551
534
153
1077
10
1418
1446
2122
2182
1522
1906
2453
21
1282
2132
29
791
568
855
361
992
862
801
1798
1621
349
4889
203
704
1473
154
4949
14
1473
4408
1059
4534
1565
300
1111
1468
1013
14
3987
86
5025
233
594
4434
233
3808
135
249
1173
679
2749
1473
622
1321
1353
126
947
15
367
2101
1243
3918
132
973
34
347
4453
694
55
1501
937
1516
954
252
121
4788
1101
1766
1892
1134
1318
86
86
853
672
1455
1814
495
3490
388
116
12
123
1402
489
1222
4154
126
451
4467
500
2029
1429
2361
633
416
369
1260
1932
588
453
1562
1346
60
1151
80
140
589
1566
455
1750
1070
1009
126
613
50
2047
38
681
121
161
586
294
922
1418
1787
989
487
1010
130
1526
2587
584
1079
762
2154
109
776
1340
4175
1538
2493
463
1755
1223
72
517
702
1983
14
5001
5000
745
727
487
240
90
339
2130
273
63
679
1225
450
145
387
108
557
2140
386
1582
471
1310
202
359
1310
95
1946
134
120
420
447
519
3942
1780
342
3879
5102
374
121
2862
2319
1768
4754
1931
5008
2501
34
1105
986
506
506
506
506
2066
71
3667
1716
1871
2209
4197
231
1091
1534
361
1165
714
594
10
121
934
3994
878
638
126
305
4031
600
1451
1907
911
372
424
4227
1473
7
11
661
327
1908
3881
121
122
82
1519
701
564
170
1485
203
4304
495
876
292
1880
1722
128
317
428
253
1301
866
57
1085
455
4928
1930
1570
1491
677
1821
1473
468
1977
2057
4614
75
348
18
269
1247
1755
4870
1129
2051
1142
186
1407
52
85
1473
1021
1473
809
777
1042
4261
495
4566
2119
427
72
765
4027
102
1163
691
3896
3807
1473
52
3434
40
634
125
478
700
147
3277
1584
4924
156
36
1274
115
580
1677
1928
1473
499
4853
2259
4741
862
4516
148
1151
4612
4512
4136
2164
375
50
2138
1286
605
773
5020
42
1185
128
38
758
1549
4284
717
430
223
349
1001
352
56
5106
108
997
2773
4858
2226
1156
1315
484
1239
1443
506
4672
589
329
374
114
4996
2042
4030
513
1463
2185
52
285
653
942
2463
1334
230
388
1473
913
674
1891
132
503
123
279
1280
602
19
21
134
1393
1436
1581
568
1048
56
3807
4465
50
2307
3512
4269
809
903
5020
1335
4863
659
4429
3807
888
153
4011
4683
4464
4643
2094
4853
427
427
139
1473
313
89
3901
1939
149
176
2
4305
209
1204
2177
1198
1054
327
1318
1079
1079
4653
2596
4382
1473
4830
3190
915
1175
1399
203
1968
4255
4666
16
111
2863
889
318
790
1671
3198
1102
1101
1234
975
742
1879
867
262
1049
171
1810
191
4507
121
2204
95
1309
4620
3804
952
999
1650
386
2190
1142
19
1374
1138
1473
737
1269
515
567
241
4378
2061
1433
4679
786
3806
972
763
1661
4097
11
4485
1181
388
1363
621
117
234
687
354
6
2384
994
461
1216
1786
1222
83
