33
563
582
582
582
582
611
412
1473
1172
928
1845
1168
336
336
1141
4470
661
157
3340
1308
3725
231
1013
1333
46
48
440
440
440
440
1473
293
4973
407
2183
3806
222
1134
1102
492
46
326
184
3478
3328
1564
1559
503
23
880
858
858
85
1844
926
2839
1539
106
4096
4678
27
108
1216
888
849
108
1038
495
1297
1971
798
1673
582
506
361
924
209
49
747
1248
734
1076
33
331
269
2131
778
182
591
818
590
194
37
408
1812
4379
78
3976
309
1280
49
4196
2067
135
979
16
1846
4437
2886
376
1692
5078
1947
3845
4252
1417
450
744
4576
1060
545
237
4190
666
34
862
489
83
314
4148
268
628
203
117
11
645
32
2862
145
94
3749
486
3542
4033
1607
327
986
176
901
2360
310
454
677
3806
56
982
4967
203
459
529
149
4493
344
16
960
37
408
2135
1631
570
199
121
1040
9
830
231
332
506
324
195
135
330
400
1341
288
212
152
54
1027
85
602
382
1031
1061
57
4939
964
86
543
1913
1650
1960
2107
2073
2308
1844
886
1177
1931
1667
1714
2195
126
42
291
0
622
639
59
1582
2087
318
1227
1211
4457
1855
3805
218
185
573
335
502
1134
1237
3291
565
295
1246
1320
1339
1354
2270
332
121
2051
1738
54
1140
316
279
969
992
2270
1104
214
1763
4284
4732
422
85
1406
84
404
27
301
41
1452
1232
550
2049
2715
756
1017
1430
1834
231
85
131
5081
3722
714
2134
105
2031
926
700
700
4201
247
4491
1473
2462
1036
2727
365
2064
1261
1259
1134
91
755
124
290
302
4375
308
308
1972
4740
1343
3310
938
1253
1902
575
829
846
2044
164
141
2287
303
54
4220
707
122
253
2826
1775
89
1920
130
1471
1471
2102
2411
495
1841
666
1457
463
270
659
0
2010
705
177
310
3744
1735
1277
4615
1406
396
37
1473
1939
593
1321
787
63
1530
105
6
2105
1398
2062
1273
452
1330
4458
1147
1097
736
1331
2021
1686
1921
114
1791
317
433
2566
1113
3259
29
847
407
4318
243
1165
1957
1960
710
4713
1410
1316
204
1473
830
516
2413
658
719
805
531
1538
170
1170
1065
4873
702
248
2097
736
286
294
1078
224
1148
1473
345
40
130
1096
406
278
1094
1869
2175
183
1984
1025
758
89
899
668
601
2100
1473
427
635
1337
1633
3804
806
1412
184
56
1001
4320
822
4627
1473
4324
2058
238
416
90
468
700
5095
1107
4285
439
289
648
56
1546
11
29
4988
1812
723
1009
448
932
3988
443
2320
56
1342
120
1516
4446
1058
561
53
2072
147
1064
902
2590
1473
1075
1824
4902
121
1272
2072
2129
3311
4190
533
1690
1249
783
1337
688
3783
4046
3652
1821
776
1981
34
539
2140
1405
512
1113
528
1326
4168
97
1093
1473
4325
688
4315
1525
1282
2101
702
1169
1704
1236
2326
710
1475
64
2129
1207
86
3700
525
534
560
1062
809
2102
111
4270
1348
93
34
3646
2151
1840
4
421
4655
614
1929
160
1473
122
1356
1001
57
815
299
1695
73
1473
1
136
1133
3
122
116
705
177
310
679
935
935
513
440
1553
145
165
2
2367
323
2761
1202
1309
1093
511
523
725
2989
1997
668
598
1536
3155
454
1467
423
663
1442
1645
875
1478
3691
3
312
1550
4647
315
33
9
877
356
132
4530
1401
140
2181
13
1473
33
1473
1072
88
3803
134
28
736
4073
1437
4034
225
1245
2580
622
212
244
4685
300
56
81
525
1718
241
4485
1422
32
3230
1436
677
17
1237
214
0
1290
2073
10
122
330
1654
40
1473
1637
664
321
1407
2307
362
4337
1473
4431
3675
3675
3675
1905
1040
35
3607
4553
3956
9
485
54
1749
1896
3312
760
187
4906
4122
24
1241
2002
1117
82
273
101
126
4995
1158
4733
662
1995
2114
4110
3982
356
1173
17
4233
854
5029
791
4
523
1390
251
28
1031
3924
9
75
3455
1374
490
762
324
185
68
1532
32
69
152
1473
9
18
2384
3023
31
1473
3880
1207
901
935
935
4317
884
1576
552
1286
1761
106
1127
812
4489
1473
358
444
285
391
238
1171
43
1633
2120
3425
1178
2306
4686
3973
546
292
3937
3628
1343
551
4037
632
1506
28
2088
289
1260
3675
4477
218
40
4394
140
1164
4211
1840
1366
1563
526
1357
1234
4676
1888
1888
2182
1279
3584
1240
4275
141
376
875
927
155
1472
41
134
1605
2007
4132
299
179
9
4823
2583
2350
1513
4982
81
1564
477
1712
69
4898
1302
767
209
15
40
1180
1021
184
1422
1932
4140
676
1115
5083
765
2154
1051
105
920
1129
1121
1052
3214
1757
3577
1137
126
