592
271
179
399
3760
2366
2366
4918
44
971
204
204
234
1070
1286
1003
2068
189
1174
877
1725
444
122
262
1711
976
291
454
1083
45
137
45
30
4774
30
572
1891
1666
26
2169
4262
1942
1852
108
2549
2032
1
1003
1107
1174
110
241
2714
16
1091
3918
117
4155
717
1832
4461
532
1004
1288
4121
1476
11
2119
15
1203
4284
4980
1174
421
2173
390
235
235
50
530
864
766
2059
1290
1437
4474
2800
366
96
873
1305
2572
779
4
1392
1035
2800
632
106
282
426
330
661
1282
1728
481
180
644
4343
4167
1979
242
1445
4514
2055
1974
942
943
1643
4425
1523
187
85
231
4592
1978
652
2101
1205
2017
1174
1784
4990
688
869
463
1236
1476
330
264
3382
1693
248
696
4538
593
1392
877
4423
1651
442
2146
301
231
1807
136
136
801
1003
1577
1104
197
1254
124
23
1280
289
1408
303
65
554
689
2104
106
1772
591
2146
1360
121
763
11
11
3878
955
1021
1880
1413
2991
119
187
3827
1476
333
1032
852
755
772
1409
4973
256
266
266
5098
269
248
156
1157
1083
707
3019
2531
5
307
1319
168
168
148
148
152
71
4530
1674
220
1942
283
924
2076
367
185
139
3740
205
330
193
193
247
2
1476
124
17
543
437
437
1092
1392
86
2122
643
1476
290
1208
79
27
771
3379
1153
1476
189
352
75
308
1003
543
1761
4585
15
180
1277
686
127
823
5091
832
1440
4811
4892
4614
134
252
252
579
476
193
1489
5
485
233
197
2055
556
268
1678
2519
4617
1512
1124
1846
1724
4043
148
148
639
3826
850
406
1150
1376
1871
2502
2022
293
202
276
825
157
1191
1697
1952
574
231
1349
21
3229
1651
475
460
1942
915
225
485
4186
553
209
791
3132
222
4230
4718
298
888
130
1032
428
18
268
781
242
1763
854
2345
545
1145
228
521
222
19
199
37
4273
5012
477
934
1014
1494
202
202
60
554
195
117
4
3918
1977
2295
1910
23
544
5012
551
23
1115
14
1869
1208
155
776
149
11
5041
205
1826
4514
872
132
117
367
1024
1777
10
4602
805
2124
5071
496
736
1914
1539
249
765
753
149
2202
1145
4184
43
43
458
1130
2059
51
94
1557
148
1226
167
3019
1206
1386
459
267
4917
3830
91
892
558
272
524
4891
4015
77
812
4892
260
102
3923
59
288
704
1679
43
43
160
1979
644
875
4
829
3364
525
3897
235
857
711
2130
4807
2777
417
1482
1921
195
1476
43
43
1539
712
15
386
107
23
536
818
1185
146
234
1476
518
232
753
2116
1617
410
306
2578
190
79
79
1569
1383
1370
4291
6
243
2202
29
1693
373
148
148
4188
1588
144
665
4
304
684
1390
1302
3
1481
1486
23
375
375
117
1827
4749
4792
1108
302
302
275
4248
1967
4736
1083
1892
148
148
36
4238
323
95
1750
264
690
470
349
4577
1300
2448
453
743
1339
1568
739
143
412
63
96
388
421
27
845
57
393
360
55
206
751
538
4035
1821
2987
86
373
941
4384
884
985
616
18
349
978
8
4407
532
1656
203
1476
18
1759
4448
150
67
4889
1084
5032
683
476
311
1597
1482
62
200
1476
2028
707
1680
342
168
1220
94
5
15
701
1301
249
46
46
141
1760
4751
4421
956
1476
1763
511
249
1476
4985
1310
1341
1545
636
2110
1682
1476
4668
1579
5047
23
270
2007
63
4909
158
201
180
47
1037
3598
940
2003
1549
203
1256
1476
121
1506
1641
589
753
314
1223
1421
2406
111
412
3019
326
35
1568
130
2131
1064
2846
683
263
3826
420
326
952
2100
876
4072
1214
397
268
3825
5
331
4715
5015
1476
575
1498
122
852
871
871
1456
2080
1396
244
199
1437
549
431
128
418
33
38
1476
1101
3882
34
1088
100
4722
1358
4944
1983
167
306
305
484
4916
3020
587
758
1961
1916
526
597
761
2233
772
175
446
2119
773
1884
936
1201
4298
1746
343
4273
4877
4853
367
1476
195
1298
330
332
443
3944
103
460
17
1547
189
4272
42
2043
186
83
38
138
4952
528
4481
680
653
1755
162
550
176
2411
3825
2154
471
1476
135
184
367
4975
5053
1182
254
807
121
1546
141
1736
122
1476
1114
457
368
67
452
1456
4907
324
542
126
1250
181
454
5106
226
1546
1841
925
2327
746
555
1476
255
374
32
432
4842
123
115
4420
951
203
4063
96
1663
347
594
1461
603
122
174
4355
774
4752
4698
218
218
111
150
1240
254
70
4
2055
633
3855
1249
258
4590
102
629
657
5061
280
632
508
473
201
201
4494
3972
1944
1448
352
246
28
380
380
252
4870
735
4298
1745
168
203
357
15
116
1249
48
1056
436
793
2206
1591
17
4212
404
178
2375
541
4048
5032
744
603
83
27
1018
1568
109
37
324
340
477
415
1377
195
1078
397
774
3948
475
8
382
1855
133
595
68
63
546
2046
4679
280
410
1548
270
270
791
4450
1866
5016
182
1756
1228
38
4204
5088
54
1421
267
1736
118
4921
2985
1769
4046
2185
121
737
401
1991
477
27
2019
5013
122
1476
1476
801
1840
305
920
252
339
472
1476
1446
590
1147
770
122
132
140
122
330
290
386
569
212
4721
47
5103
488
122
919
623
1476
121
1626
2066
903
1122
1854
1943
286
866
4938
185
183
290
1056
817
462
3017
621
722
1025
172
1079
1062
3825
197
197
612
146
167
1692
1391
1624
386
626
904
597
1562
3825
631
3055
33
1330
65
65
3835
2674
274
109
713
4191
2122
2123
2101
35
2212
2223
1030
1131
5110
4232
122
2037
783
1476
128
1173
14
116
448
1323
237
552
1456
950
700
1444
1090
90
93
1603
136
2448
1476
1766
433
702
347
480
1024
268
359
3
3
874
234
58
1604
2212
593
654
1615
479
1020
1020
1476
977
4787
1300
1476
430
128
2170
33
738
477
180
120
1476
278
116
588
651
12
1476
113
1386
271
309
3727
1576
1259
138
1855
59
997
8
1059
23
1308
330
39
232
753
2248
296
46
4571
4035
614
3946
269
34
1613
414
142
435
868
400
336
1106
1883
241
1821
4273
183
1370
952
297
14
4506
5019
328
226
5096
923
2561
1432
176
2351
268
388
4580
4591
89
4734
35
4514
1342
403
506
19
1222
109
1190
12
693
1726
185
1421
776
3020
1406
1192
306
1420
986
710
266
146
259
259
262
713
1977
1091
1370
1370
4636
425
4847
907
380
576
4738
4232
3035
288
98
585
668
36
2152
1197
1684
953
1192
191
191
1965
2006
469
4569
1172
96
35
142
724
49
283
630
687
328
452
496
1176
182
372
3761
295
1134
2111
1891
1144
1523
118
1364
246
644
265
134
1800
371
212
206
434
4809
10
282
341
468
165
251
537
95
3940
4582
88
2693
2693
457
122
534
84
812
281
527
2119
1408
306
2073
1097
183
773
65
65
358
4408
122
1476
1134
405
2149
1876
1469
834
69
1888
212
438
934
77
177
2095
80
577
3017
876
29
80
1208
433
1258
4849
373
332
124
292
1075
499
1368
298
1047
371
127
403
142
178
1087
3561
1500
788
356
165
165
839
178
220
1723
59
471
674
255
1339
108
851
2139
909
1973
2156
168
3947
138
138
420
1563
460
523
1652
1022
217
1897
4153
927
1476
2878
773
633
1072
4136
4928
139
5104
3017
1449
226
4515
853
1362
489
1949
156
35
1594
437
1982
379
1041
2642
895
1386
140
1476
4196
3841
331
384
761
1010
1320
1286
4323
55
964
1312
91
3824
1355
2921
202
125
1214
1887
14
341
755
116
1610
125
4608
2179
770
871
1852
4935
4305
2000
74
825
1745
988
22
4339
2127
712
532
640
15
1344
86
3662
64
258
66
3990
54
1069
1233
1010
481
1395
310
2167
5073
411
123
146
927
4344
4274
4374
43
234
3933
3948
1440
485
5018
1476
1902
1196
4243
4959
422
26
1955
1400
349
628
1261
1506
475
1197
612
1245
402
1047
1312
92
1174
890
1476
65
65
4271
1372
93
460
1281
4981
253
1024
1476
333
1205
940
5098
5082
620
4828
42
1909
1247
1279
102
611
157
848
664
1476
1606
1141
5043
63
323
4053
194
309
352
116
1934
4887
1525
2121
560
1476
318
2192
300
508
1476
885
755
506
1607
228
287
1635
4535
330
979
356
4753
4158
533
5072
1022
2132
242
4920
262
300
3819
4811
1388
4393
4342
1368
4089
1883
4436
5091
1099
4271
596
200
1214
5
48
627
1298
723
871
1330
158
781
113
2241
99
1200
617
290
546
194
3486
1454
391
797
1831
4616
1809
4853
123
628
782
126
2354
989
75
734
1314
205
495
4522
374
1291
1480
893
4038
345
56
1178
671
1655
2069
1983
274
32
1902
699
88
121
40
1781
2222
1840
741
3824
147
4974
4176
896
2044
4615
2373
916
215
4897
4861
536
1217
189
736
467
4556
2507
187
1022
1744
4200
2031
560
1059
353
1751
1653
4219
1037
2090
858
1643
993
695
503
646
1274
1110
4577
1857
31
41
3929
2767
4728
1952
4603
111
4106
45
735
2610
2155
4833
1843
4190
1961
4601
2116
5101
1476
337
2479
582
2352
4574
4600
295
24
4121
4272
4124
297
568
18
1092
245
1476
1402
139
592
122
1476
11
4039
146
964
82
899
167
1700
1012
1471
112
3638
199
3920
12
422
4807
553
4293
940
195
5082
4663
2205
123
896
1198
703
474
425
421
120
46
2121
1168
966
4644
810
1476
2184
469
307
231
86
790
2055
942
1824
599
96
1050
183
1061
870
2094
34
154
249
3856
700
2098
733
444
352
1293
18
405
1476
4923
306
1245
1265
349
808
343
1644
108
201
9
551
722
1786
223
1476
213
222
1378
285
1235
320
3830
5023
568
570
1027
1738
1177
756
100
157
2864
3596
1403
1846
1536
632
2003
181
2267
2553
162
714
598
1224
582
447
201
1877
491
4608
4570
2062
287
1096
257
1220
786
413
1300
367
2
302
1905
390
2848
1772
1226
3933
3710
89
375
1436
1347
264
406
1352
768
1352
1064
311
664
163
4710
500
5008
68
958
472
1775
1076
1177
192
1404
4754
1476
1286
1537
792
4532
307
1853
2177
41
86
1682
464
84
349
281
4618
1126
643
1139
1168
122
1571
4614
300
42
2656
1288
256
808
4853
911
1846
101
2151
2039
1097
1709
41
84
1514
1021
31
216
1101
129
4710
1937
139
2018
154
670
4509
558
1829
4598
4326
46
234
452
1189
472
640
3496
1027
231
17
1848
1960
1985
247
71
295
294
451
1970
4962
4810
4420
5013
213
2126
117
610
4775
4398
5037
172
206
3908
194
1667
164
917
1239
1478
1829
4554
1135
1103
1685
1539
1140
240
1366
1456
368
2079
1490
283
674
324
1476
166
2135
1458
567
2155
1332
4739
2168
3073
4270
1695
1643
206
643
46
46
1476
280
111
44
4042
4218
351
4712
1438
2055
978
119
1015
1264
4900
309
4270
1573
1826
1325
1370
1365
1495
1470
480
964
1338
5094
1493
641
4525
1574
1575
1435
116
1321
692
1291
183
1566
1566
1400
14
242
1301
2160
4270
1476
1261
320
863
863
322
331
1077
4741
231
3958
4874
288
705
1533
1348
4454
2341
936
1428
4179
606
470
1766
4919
698
963
345
1123
232
116
1177
1050
4698
1814
703
208
1679
1590
2242
262
400
1207
1450
96
1529
1447
2083
862
965
4044
96
1959
165
165
1588
1032
560
4706
86
400
96
1411
4
283
342
291
3965
924
3561
507
125
922
81
393
593
2826
1732
213
199
4268
451
1493
893
2143
376
3706
4179
2317
4074
563
2556
4037
1631
4586
4510
109
302
1376
1476
12
46
25
1063
1476
4016
429
1960
465
1842
579
2250
987
922
632
583
267
1500
18
3192
447
875
149
810
1514
311
581
879
1421
146
146
600
1452
526
82
1262
695
1919
1371
375
33
56
1055
4994
1066
1344
4
84
1381
803
4765
2654
1472
985
985
122
91
1051
746
2105
4782
747
54
4933
1475
225
846
1473
201
146
5098
399
5082
93
517
981
19
33
1802
232
1825
1117
600
4914
122
374
2145
1418
1234
553
382
1211
456
991
134
411
195
641
1621
4853
4966
208
1193
891
327
4549
3455
56
80
57
1867
599
1817
19
21
2108
19
722
2506
2976
185
1901
576
470
4641
1271
1115
107
15
4712
41
481
106
95
560
2270
499
3025
87
158
646
7
1861
233
141
1471
746
1315
888
4279
346
4356
1977
2164
35
209
1475
1396
122
4931
1145
4441
2769
169
478
31
109
813
2815
259
647
2089
97
243
10
32
2955
1243
347
4636
255
2171
2443
4654
4383
4735
121
4269
4872
4783
886
1243
564
1222
1013
1714
8
3849
4279
1430
830
674
242
4997
2196
4620
258
4401
1481
4866
201
279
1636
428
442
4575
755
1195
338
1472
2452
3025
1475
1475
4269
90
1144
1384
112
1
1077
4622
160
1135
1835
53
5058
456
1063
4050
193
1689
25
2161
615
4414
499
1400
1400
740
808
540
4402
1772
805
1739
1475
258
826
1022
952
1030
3750
4526
694
1749
426
1475
80
2822
611
655
4233
654
50
256
2307
74
122
421
1475
522
416
1230
1613
4
1693
384
1662
888
861
86
34
657
2063
4633
260
346
346
1772
1775
295
4184
1338
29
2107
831
59
277
5062
785
150
1328
676
269
1745
17
2160
1176
5098
112
1437
773
773
91
1074
43
22
324
12
5
2037
827
1475
1984
3081
1047
1064
1611
280
476
932
1378
2172
1987
356
226
2028
2047
1096
465
747
350
4999
230
357
2212
763
369
412
88
649
1824
1176
2785
88
3645
610
50
1239
4320
457
368
2027
159
119
962
1671
8
264
99
351
3929
33
51
381
2164
4486
4833
391
1150
1129
1078
3025
1052
2777
4274
126
1520
4251
188
260
4864
23
4594
18
173
4611
27
985
2121
854
3853
495
1471
1830
1856
537
190
4849
506
1475
802
3822
467
942
2434
2206
1940
3914
1475
1306
128
1066
1504
1493
205
865
2204
1378
1898
750
435
508
1475
349
5003
4321
1137
4193
53
3311
347
15
15
312
2118
308
351
511
44
846
1475
5052
895
1240
1534
183
387
2473
1436
852
2116
1272
473
113
4590
122
42
88
486
357
99
1118
502
4011
655
1757
1639
231
1653
423
593
478
197
166
355
634
634
375
375
32
771
283
383
1863
170
952
1051
1463
1475
1211
445
2179
4108
557
701
489
1409
4018
330
3747
2199
884
56
1309
1686
912
1468
809
438
1503
208
189
10
1559
451
1351
158
201
2039
1504
1551
1275
1272
4085
1511
1456
4432
187
617
1257
2160
1138
1347
707
109
605
2135
826
1301
3070
4999
1604
3260
2890
1704
398
2171
105
780
1141
4270
3119
329
687
1291
1773
2182
1496
1020
1452
3
4567
4705
4015
1565
1393
122
1063
5064
1124
465
465
39
1475
194
1437
277
755
58
4577
1025
722
611
4211
498
1475
292
293
529
1308
88
3850
1475
2116
708
1111
2353
540
1631
4953
3214
104
1047
484
389
695
91
1892
444
371
463
125
337
1368
1430
1583
227
1176
348
69
104
1204
475
375
734
682
874
2462
325
345
2768
1045
90
3822
5
258
1129
574
631
4268
579
493
1056
257
25
1924
1009
108
1464
442
1352
318
542
768
295
4013
1636
4733
44
151
868
1621
390
227
408
395
1076
311
2180
1475
4077
2161
98
690
4852
1774
4917
667
1317
155
620
154
1026
1965
1221
849
556
440
1436
4835
1413
861
160
179
648
1010
1475
4614
937
54
1350
2999
1970
633
1826
1141
126
972
1833
2170
15
138
1828
138
29
408
6
1334
1015
123
9
74
80
37
1323
863
1475
2154
1420
811
1110
173
476
4612
692
1380
528
3983
1238
850
1954
213
1026
164
4617
122
258
41
634
575
670
1095
25
4605
1372
95
195
14
1787
840
4548
1416
46
323
78
396
831
961
960
594
1469
869
186
1443
1967
308
112
1351
4423
383
1362
272
1540
340
923
112
1178
711
686
121
1209
1417
144
886
1473
783
1211
1243
470
925
1475
1215
1334
149
929
1132
584
3025
340
101
2192
641
5031
751
1138
309
325
281
634
252
3991
2045
1327
154
183
566
245
252
51
52
1235
443
12
123
106
550
1320
326
340
4527
4429
1475
112
187
2253
1118
1055
554
1657
2093
1499
240
2012
60
122
1052
608
323
94
712
33
161
428
962
234
316
1102
28
19
585
559
1217
157
2124
2183
1360
90
28
80
646
2304
40
537
2528
1220
374
225
1874
849
327
642
1174
2171
4182
4899
31
49
122
698
1660
531
40
1258
380
50
574
2385
518
1394
473
609
336
85
2048
4458
1474
4
45
2147
1013
121
461
363
1981
2090
207
4529
425
2202
189
1475
1955
4925
547
1247
32
4929
950
4853
123
2033
7
523
1299
2159
731
1198
70
1230
264
2220
95
2859
1062
1875
4903
279
856
131
2261
4624
3918
452
4737
4151
4223
1368
890
49
335
613
1823
4560
356
2217
762
508
675
1868
325
636
303
282
2202
64
246
958
2157
1047
131
975
60
693
390
144
1420
221
2053
4865
4042
110
1748
1204
353
972
98
101
509
4143
1792
4482
1293
46
533
4732
1111
1764
701
56
930
1083
444
526
415
2134
346
4601
4716
46
630
969
766
644
719
5
110
747
153
749
687
318
689
1334
131
181
656
696
6
640
664
468
635
1424
348
1161
468
990
1069
587
6
10
160
3751
291
16
242
181
3634
619
487
39
276
205
511
450
118
281
364
240
673
1846
65
1242
339
137
393
29
4865
1813
4595
122
63
267
675
1475
19
827
103
513
3676
1543
108
42
432
1475
1386
4942
452
7
471
108
2538
1475
2008
1925
154
429
281
336
678
3821
1
1224
130
1395
2433
4700
389
441
1002
1071
308
3501
297
207
356
314
337
1377
300
4668
943
4855
37
1081
618
49
1046
609
1695
1216
283
268
4672
1110
582
1925
2167
428
1279
261
660
145
353
267
1824
582
1427
117
3016
2057
1618
325
388
275
516
1308
89
2843
2158
564
469
983
5002
387
1805
1060
736
928
960
4081
2121
1475
1065
4668
4267
73
19
302
243
572
1773
1583
292
1475
946
767
49
4097
169
814
711
7
112
307
2180
1232
2663
1282
3022
2098
4186
4696
1105
289
4541
1143
1279
241
2462
55
434
2476
625
1025
1643
2183
222
55
1391
214
1468
117
63
1066
259
1083
1126
2456
614
1852
349
237
477
315
819
1747
497
440
1434
544
183
580
2256
1218
1627
85
83
214
266
2070
249
319
2390
987
1176
151
2110
755
827
68
3491
3491
2140
2225
2157
26
4288
138
1645
4407
1224
1845
27
1475
770
289
371
574
574
574
482
574
1578
964
9
293
946
144
2819
1475
241
11
138
132
822
265
960
1565
3821
194
909
274
99
504
445
1373
1179
83
119
4339
50
134
134
145
571
5355
4545
133
254
1406
1750
132
377
1808
1614
1575
1652
978
1909
351
2121
359
138
123
1215
4477
351
140
1876
1206
485
3708
1557
1669
2052
482
37
1233
220
279
203
2137
418
1475
87
661
149
4371
4321
287
4266
39
1696
1839
2015
1297
1640
456
2150
2117
19
430
714
553
438
574
110
182
1475
28
583
593
1605
123
42
1366
766
652
1720
4725
90
639
35
87
344
1169
1475
998
1250
783
234
808
907
1357
326
4626
442
396
1993
4732
558
133
746
60
123
4357
40
173
578
3977
564
320
1815
1872
1780
853
164
474
1074
1533
643
966
126
574
5084
3111
92
2135
2134
1773
351
1561
118
4210
4382
889
978
3820
1310
758
1578
1477
39
676
168
1731
264
1805
2150
1791
4357
865
4559
1959
532
369
986
21
3961
4876
2031
1735
1112
122
1120
110
473
4809
2116
1744
1843
1443
1457
1431
1432
955
27
40
1962
335
478
287
4473
3766
2005
1279
789
1410
677
1483
257
4072
1882
1843
1475
1493
428
411
244
1790
637
1062
339
1475
137
1758
934
1933
843
2491
1803
651
237
599
311
651
1911
122
141
4935
4348
138
1624
1071
1690
330
474
62
133
725
3870
1598
4255
1308
820
1236
4853
83
1247
47
358
5079
625
69
1964
1017
2145
2085
1562
1208
908
170
1593
4400
397
840
149
1775
380
1545
663
4224
1399
332
1102
14
2699
981
1241
526
567
1044
88
1296
2128
631
383
2164
179
1961
537
1339
1508
323
4424
369
1628
1982
1307
4661
534
1082
1859
1093
1366
213
1348
73
2145
409
4511
1770
409
4503
4275
1502
3994
5098
3
377
41
244
289
1210
1732
4942
469
265
4592
141
1278
352
4264
2194
1227
4410
277
1236
1150
967
836
49
1475
5079
1475
5021
108
3249
379
2116
703
1475
4844
1863
4509
346
1407
369
338
1090
1475
4447
74
1475
1887
733
346
1475
49
736
339
45
692
2160
1962
521
1134
1354
733
746
1475
2056
891
25
1603
2025
1203
1718
1054
4448
4384
1062
526
70
700
713
108
4995
4716
1107
49
3100
0
2111
1034
91
1967
439
571
1362
356
146
4412
1589
460
4825
4852
1659
4335
2151
717
856
3364
237
1475
69
3956
3911
820
1110
271
1559
1446
2082
701
272
628
241
474
1286
2607
2072
1069
755
1954
2185
2023
1631
2074
2164
988
2116
21
2585
555
608
254
2137
1477
1232
97
867
699
759
3805
1417
4866
4586
13
2358
4010
4361
144
169
749
1747
140
3918
301
1041
4263
57
1965
738
11
311
2383
1323
1859
196
1430
1612
175
26
1628
1237
179
974
617
437
536
4904
4284
2525
341
481
526
4412
2140
349
4774
2525
647
1922
2241
41
3825
1475
1931
1261
1079
1146
787
27
19
1125
1780
1475
1500
4542
115
1269
169
2629
102
2049
4480
1048
402
1033
1055
4
341
5076
4818
326
307
992
1475
769
1477
1287
33
4573
821
235
234
347
159
1925
748
191
1509
1564
1850
108
122
1854
159
1285
28
3966
2043
39
2194
27
1866
37
1421
2105
30
3521
1818
350
58
2331
2210
146
531
4081
572
4681
183
878
4313
1452
1287
2100
654
33
2090
137
81
1766
1775
383
173
160
71
1148
2115
4257
533
0
1474
124
729
1089
444
613
590
616
1423
627
73
1400
1805
4113
169
204
1407
1334
687
2530
834
1199
4556
864
1001
2035
747
1519
1322
402
1673
319
989
230
1398
534
114
444
444
1770
1216
4694
89
3990
738
3235
341
1772
1064
1474
133
2094
2031
118
2185
114
50
123
4368
3611
1975
4294
1073
1480
1003
2256
489
489
2750
58
624
153
90
638
323
2118
4139
1447
4942
3514
4502
4821
783
1195
581
1198
869
2139
346
1871
4234
2052
1869
580
1782
1766
1127
2003
1872
1732
226
431
1324
482
591
93
2193
502
1094
90
1474
586
518
3924
1180
12
714
593
2019
410
593
602
4130
832
4870
181
4322
3218
3790
90
306
2136
228
4271
1163
960
347
1240
4892
2159
1121
1121
1014
4035
89
889
398
331
3915
2156
34
154
1403
618
1474
1562
22
4720
2253
246
3963
1534
4858
4853
721
701
35
4184
3654
2144
44
1315
1029
478
4199
2479
3583
2245
4740
404
894
15
2206
697
557
1318
211
496
216
327
294
964
427
3665
602
56
1078
924
4890
734
1728
1106
218
804
3818
1944
989
1199
944
263
89
92
1421
595
1360
1678
1476
4027
11
337
3
3
2300
2172
742
114
4694
582
31
1670
3907
34
1968
1699
797
1888
224
3
485
348
428
174
4174
225
3998
4470
1678
1416
551
3945
769
1467
777
682
336
521
28
2021
945
1766
517
1209
1497
1111
103
236
56
545
150
4795
2977
2977
1555
1499
1819
5083
356
4621
162
551
378
495
989
777
2438
288
156
4017
95
1764
6
1474
435
683
1233
215
57
4786
682
26
225
1311
659
817
371
4744
540
24
65
122
461
153
1474
3436
354
359
15
649
649
5079
1964
2085
3754
810
810
786
416
1195
489
489
368
542
477
474
310
5046
391
276
230
768
1187
21
457
33
1840
1237
4511
40
1200
1336
1600
508
491
580
264
21
152
131
4534
346
1017
183
1134
992
2124
35
1952
607
1025
912
4569
168
4952
2491
1360
1474
1343
118
915
999
1741
90
423
1205
82
2170
1474
2551
5
230
477
1289
2085
4152
94
19
2171
122
1622
1474
1396
736
96
15
2
679
2219
406
504
4196
1177
921
219
1474
951
1638
1123
1717
646
1695
1161
1319
156
1145
236
146
690
1834
4018
20
268
1363
717
1540
675
6
2018
2017
4384
1720
94
132
477
203
1591
2047
499
3745
4435
4565
523
1712
910
41
383
376
2136
5112
1628
1098
1474
145
1172
1474
1264
810
206
478
244
132
290
236
1091
880
4
1639
1041
351
1021
1898
1118
4299
785
991
724
364
623
154
1171
19
4333
5100
933
1899
232
1899
2059
37
1732
1855
507
1765
322
3817
710
99
638
239
1648
358
3509
172
1324
1337
1000
229
172
5081
178
1956
201
222
227
263
336
676
4638
1402
373
797
1147
1051
13
1217
1998
5052
4732
245
2259
1504
980
357
428
444
304
432
478
1052
146
1625
74
1689
804
1659
1684
277
464
574
627
381
106
116
154
3907
239
4579
2627
183
1324
437
629
72
197
770
812
4275
2835
13
943
397
479
1287
700
692
3952
4040
697
4742
367
4573
1419
131
532
618
458
1113
4317
339
1023
461
4026
1174
1474
1985
150
202
27
892
878
191
1153
1474
5030
93
4618
241
4598
59
4548
159
1677
1222
1506
478
122
1398
4027
118
1251
630
27
3862
324
90
1406
122
2044
918
1917
238
200
1405
3839
20
1623
1106
118
7
379
161
1893
1781
165
1660
172
3817
1497
752
547
217
4168
2140
4015
334
574
4316
231
180
4129
1643
3850
638
813
673
87
1959
728
122
308
1165
1812
3936
1243
4152
704
4193
1474
369
599
203
337
180
1040
283
120
213
2034
91
1959
4498
537
123
35
1513
3002
148
4495
1936
424
167
1540
1728
150
150
150
2044
1653
5030
4998
1474
1784
1784
1853
1836
503
1778
723
3890
341
2136
4
1226
322
3510
495
2
2220
1901
1474
904
164
1903
1266
3909
71
33
5042
5002
647
291
3925
9
1664
3654
1068
818
329
1474
713
42
627
353
159
1539
4134
3672
885
76
63
2027
743
807
1341
803
1603
473
4518
5019
74
1689
4552
206
0
1039
1627
994
783
109
1017
33
352
2123
1070
4535
842
672
504
308
1457
4352
1474
1931
39
169
1014
670
1717
32
32
1469
1175
1474
3317
2057
1474
1474
2068
51
4623
246
1449
1980
521
454
122
483
708
125
41
247
991
357
3503
710
324
1973
202
93
441
3960
101
4193
1454
196
890
890
4916
1874
1185
632
695
1839
1153
1828
81
722
1474
2111
1730
500
1897
1013
122
4398
2109
895
4457
2075
1596
614
1961
36
619
1474
1847
138
751
4875
1474
636
100
293
403
291
5111
93
122
4613
193
1777
560
1189
887
4804
4362
42
882
3815
145
1785
1237
1240
147
1174
4559
699
784
108
1281
495
144
3890
1474
2006
923
523
4825
59
301
1433
3627
44
184
396
3613
1542
1221
57
1214
236
176
987
70
122
840
4582
122
4762
270
1579
953
4956
172
264
1326
1417
724
349
3954
4841
52
291
661
703
1357
4177
30
4733
140
4784
29
1740
1061
582
2451
99
533
301
4143
489
489
4364
1991
117
2361
3430
4485
148
46
1025
4566
2002
2121
520
197
1474
844
167
1132
29
1318
132
4742
4158
3571
190
1138
132
4108
23
1258
4057
322
2368
2368
31
1737
482
1082
132
3904
2587
114
854
1232
4043
56
2025
1103
661
4753
11
950
286
47
531
657
1192
55
168
4955
1610
2064
4136
2056
1025
56
4231
280
323
1222
438
2077
185
3815
89
556
747
1687
849
1276
103
1022
4741
213
989
1291
91
177
1984
1372
666
1577
435
9
26
26
22
100
264
1381
1854
324
4455
469
1577
94
76
1303
331
274
719
829
535
254
1910
2097
208
1275
1474
246
2009
864
1001
1619
1143
170
4203
608
526
398
376
1677
169
4796
1740
39
1926
517
501
56
602
1442
73
108
2046
1917
558
598
1915
103
489
351
463
626
211
93
102
468
185
1851
44
180
943
460
3922
3925
4627
145
586
1474
132
3144
1086
99
141
1476
1306
4241
4705
12
198
761
3810
2136
40
1200
1568
268
4401
1776
3481
1596
167
1474
840
1775
104
1580
2079
2027
1561
48
2604
1358
3810
1753
129
656
1101
2941
2203
1834
1246
1219
2214
4346
3327
31
1365
4278
122
517
272
49
582
1889
1161
241
2227
1474
1790
1370
2423
468
1889
1474
1885
2720
4188
2136
164
727
176
176
2128
621
37
1773
4789
1524
134
1965
744
30
4510
1997
3916
4042
2149
2123
382
2289
133
19
1650
468
825
122
152
14
562
11
1245
4668
259
776
1273
1930
716
4001
5000
909
3669
3966
399
399
62
758
1809
1686
1358
171
155
1551
225
4874
836
1920
379
4314
18
71
869
1246
1816
1970
108
304
1057
1885
932
8
385
310
932
932
8
280
929
11
4896
904
36
960
1474
434
94
1384
667
273
607
333
1429
1445
1725
891
438
1981
1059
1304
763
959
4349
4196
4101
32
5051
1043
2549
787
285
3956
859
1253
43
33
1491
825
1773
661
637
1354
532
338
278
536
39
2353
266
503
3809
3985
903
3809
259
4875
468
4927
335
2462
1490
2006
325
1491
4808
760
22
849
434
72
1983
345
404
404
1254
178
36
271
1473
1553
696
1473
5080
1186
28
68
68
4347
1725
4769
4077
37
158
4509
2138
119
4551
533
153
1077
11
1419
1447
2121
2182
1521
1907
2453
21
1281
2131
29
791
568
855
360
993
863
802
1798
1621
349
4889
203
704
1473
154
4949
14
1473
4409
1059
4534
1564
299
1112
1468
1013
13
3988
87
5026
232
593
4434
232
3808
135
248
1173
680
2749
1473
623
1322
1354
126
947
16
367
2100
1243
3919
131
974
35
347
4454
695
55
1501
937
1517
955
251
122
4788
1102
1766
1892
1133
1318
86
86
854
672
1455
1815
496
3491
388
117
13
123
1402
488
1223
4155
126
450
4468
499
2030
1430
2361
633
417
369
1259
1931
588
453
1562
1345
61
1152
80
139
588
1566
456
1750
1070
1010
126
613
49
2047
39
682
122
161
586
294
921
1418
1787
989
486
1010
129
1526
2587
585
1080
762
2154
109
775
1341
4176
1539
2494
464
1756
1224
73
517
703
1984
14
5001
5001
745
728
486
239
90
339
2131
273
64
680
1224
451
145
387
107
558
2141
386
1582
471
1311
202
359
1309
96
1946
135
120
420
447
519
3942
1780
342
3879
5103
375
122
2862
2319
1769
4755
1930
5008
2501
35
1106
986
505
505
505
505
2067
72
3667
1717
1872
2210
4197
231
1092
1535
361
1165
715
593
10
121
934
3994
878
639
126
304
4032
600
1450
1908
911
373
424
4227
1473
7
10
660
326
1908
3882
122
122
82
1520
701
563
171
1485
203
4305
496
877
291
1881
1722
129
317
428
254
1301
867
57
1085
454
4928
1931
1571
1491
676
1822
1473
468
1977
2057
4615
75
348
18
270
1247
1755
4871
1129
2051
1142
187
1408
53
86
1473
1022
1473
810
776
1041
4261
496
4566
2119
428
73
766
4027
102
1163
690
3897
3808
1473
53
3435
41
634
126
477
701
147
3277
1583
4924
157
35
1273
114
579
1676
1929
1473
500
4853
2259
4742
862
4516
148
1151
4613
4513
4137
2165
374
50
2139
1287
606
772
5020
42
1185
127
39
759
1550
4285
718
429
223
349
1001
353
56
5107
107
997
2774
4858
2226
1155
1316
485
1239
1444
507
4673
590
329
373
114
4997
2041
4031
513
1463
2186
53
285
654
941
2464
1334
230
387
1473
913
674
1891
131
503
124
280
1281
603
19
22
135
1393
1436
1581
567
1048
56
3807
4465
50
2308
3512
4270
809
903
5021
1336
4864
660
4430
3807
889
153
4012
4684
4464
4643
2095
4853
427
427
139
1473
313
90
3902
1940
150
177
3
4306
209
1205
2178
1199
1054
326
1318
1080
1080
4653
2595
4383
1473
4830
3190
915
1175
1398
203
1969
4255
4667
15
110
2864
889
319
790
1671
3199
1103
1102
1235
974
742
1880
868
261
1050
171
1811
191
4507
122
2205
96
1310
4621
3805
953
999
1650
385
2191
1143
19
1374
1138
1473
737
1269
514
567
240
4378
2060
1434
4679
786
3807
973
763
1661
4098
11
4486
1182
387
1363
621
118
234
688
354
6
2385
993
461
1215
1787
1223
84
33
564
582
582
582
582
611
411
1474
1173
929
1845
1169
337
337
1141
4471
660
158
3341
1309
3725
231
1013
1334
47
47
440
440
440
440
1473
294
4973
406
2183
3807
223
1133
1102
493
46
327
185
3479
3329
1564
1560
504
24
881
858
858
85
1845
927
2839
1538
106
4097
4678
27
108
1217
888
848
107
1038
496
1297
1972
798
1672
581
507
361
924
209
48
748
1247
734
1076
34
330
268
2132
777
182
592
819
590
193
37
409
1813
4379
78
3977
308
1280
48
4196
2067
135
979
16
1846
4437
2887
376
1692
5079
1947
3844
4252
1417
450
744
4576
1060
545
238
4191
666
35
863
489
82
314
4149
268
629
203
118
12
645
33
2862
145
94
3750
486
3543
4033
1607
327
985
176
900
2361
310
453
676
3806
57
981
4968
202
458
529
150
4494
343
15
960
36
409
2135
1632
570
199
120
1040
9
831
230
332
505
324
195
136
329
399
1341
287
211
152
53
1026
84
601
381
1031
1060
58
4939
964
85
543
1913
1650
1961
2108
2074
2309
1844
886
1177
1931
1667
1715
2196
126
43
291
0
623
638
60
1582
2086
319
1227
1211
4458
1855
3805
218
185
573
335
503
1134
1237
3292
564
294
1247
1320
1340
1353
2270
332
121
2051
1738
54
1141
315
280
968
993
2270
1104
214
1763
4284
4732
423
85
1406
85
404
27
301
42
1453
1232
550
2049
2716
756
1018
1429
1835
232
85
131
5082
3723
713
2135
105
2031
925
701
701
4201
247
4492
1473
2462
1037
2728
365
2065
1261
1259
1134
92
755
124
290
301
4376
307
307
1973
4741
1343
3311
938
1254
1903
575
828
845
2044
164
141
2287
303
54
4220
707
123
252
2826
1775
88
1920
129
1471
1471
2103
2412
496
1841
666
1457
463
271
658
1
2009
706
176
309
3744
1734
1278
4616
1405
396
38
1473
1940
593
1320
786
63
1531
105
7
2105
1398
2062
1273
451
1330
4459
1148
1097
737
1332
2020
1686
1922
114
1792
317
432
2567
1113
3259
29
847
408
4319
242
1165
1957
1959
711
4713
1411
1316
203
1473
830
516
2413
659
719
806
531
1538
170
1170
1064
4874
703
249
2098
737
287
294
1077
224
1148
1473
346
39
130
1097
406
278
1094
1869
2174
182
1984
1026
759
88
899
667
600
2100
1473
427
635
1336
1633
3805
807
1413
185
55
1001
4320
822
4627
1473
4324
2058
237
416
89
469
701
5096
1107
4286
439
290
647
55
1546
10
30
4988
1812
723
1009
448
932
3989
443
2320
56
1342
120
1516
4447
1059
561
52
2072
147
1064
901
2590
1473
1075
1825
4902
122
1272
2072
2130
3311
4191
534
1691
1249
782
1336
688
3784
4046
3652
1821
777
1980
35
539
2139
1406
513
1112
528
1326
4168
96
1092
1473
4325
689
4315
1525
1282
2100
703
1169
1705
1237
2327
711
1475
65
2130
1207
86
3701
526
533
559
1062
809
2103
111
4271
1348
92
35
3647
2152
1840
4
421
4655
614
1930
160
1473
121
1356
1002
58
814
299
1695
73
1473
1
135
1133
3
123
116
706
176
309
678
936
936
513
440
1552
145
164
2
2368
323
2761
1202
1309
1093
512
524
725
2989
1997
668
598
1537
3155
454
1467
423
664
1442
1645
876
1479
3692
3
312
1550
4648
316
34
10
878
356
131
4530
1402
140
2180
14
1473
33
1473
1073
89
3804
135
28
737
4074
1437
4034
226
1245
2580
621
213
244
4686
301
56
82
526
1718
240
4486
1421
32
3230
1436
676
18
1237
214
0
1289
2072
11
123
330
1654
40
1473
1638
664
322
1407
2307
362
4337
1473
4431
3674
3674
3674
1905
1041
36
3608
4553
3957
10
484
55
1748
1897
3313
760
187
4906
4123
24
1242
2002
1117
82
273
101
126
4996
1157
4733
661
1996
2114
4111
3982
357
1173
18
4234
854
5029
792
5
524
1391
251
29
1031
3925
10
75
3456
1374
490
763
325
184
68
1532
32
69
153
1473
10
18
2384
3023
31
1473
3881
1207
901
936
936
4317
883
1576
552
1286
1762
106
1127
812
4490
1473
358
445
285
391
239
1171
43
1633
2121
3424
1179
2307
4686
3973
545
292
3938
3628
1342
552
4037
632
1507
29
2089
289
1259
3676
4478
219
41
4394
141
1165
4212
1840
1367
1564
525
1358
1234
4677
1888
1888
2182
1280
3584
1240
4276
142
377
876
926
154
1473
42
135
1606
2007
4133
300
179
10
4824
2583
2350
1514
4982
81
1564
478
1713
69
4899
1302
768
210
16
41
1180
1022
185
1422
1933
4140
676
1115
5083
764
2155
1051
104
920
1130
1122
1052
3214
1757
3578
1137
127
1158
2181
123
222
13
56
992
704
92
1402
2029
1800
188
3803
2054
787
424
26
1841
254
337
1102
472
993
86
1015
4387
107
1075
967
4777
791
6
327
1473
973
5079
1600
4579
1950
83
1596
229
400
2192
1323
521
631
93
79
1720
0
768
1081
1182
658
617
351
675
796
1767
2111
685
206
47
1274
104
2462
1449
1188
1496
4816
1211
2058
196
89
4538
292
4355
118
4982
723
913
1138
590
163
14
164
51
4681
270
1706
4602
48
84
1453
889
1260
3705
713
4778
1991
125
1168
761
116
240
4300
4411
2500
206
601
357
64
1092
4916
4263
523
1564
3887
838
3512
1079
1475
267
4935
117
28
4300
602
475
1641
33
1979
1306
3866
7
1077
4567
1494
108
1473
1905
80
734
675
1622
856
270
260
4553
471
600
1310
1365
526
4166
377
354
763
1687
1417
28
3150
1328
512
61
1473
593
1514
140
956
490
4851
1473
45
383
620
142
26
544
1575
698
370
35
688
288
260
311
78
461
891
1473
5123
1060
47
269
423
227
1106
1473
998
620
215
509
1797
1073
2111
973
2081
489
1575
4263
20
3914
125
694
3647
44
938
706
596
1930
3634
1473
250
42
601
4805
772
576
1651
1643
1473
834
489
3850
1388
278
4942
490
44
545
1082
160
478
3581
613
188
1005
408
960
588
4533
4702
2121
682
1859
1196
36
1625
479
479
1412
422
522
873
1141
136
894
3849
184
190
1461
73
4263
283
4311
1473
1142
717
636
4633
256
123
2238
745
1132
1831
218
67
4740
155
155
981
1859
205
1415
1244
1144
1340
4997
36
1588
4729
391
2456
1028
1473
5077
1671
4002
11
3567
4954
1768
791
4
4471
33
588
760
1833
12
2035
677
4500
2301
780
1126
2431
1497
787
654
1421
33
206
1985
2833
2420
105
29
1963
2121
2882
2832
2592
2639
3666
773
111
3802
920
3164
44
322
3771
1600
321
1820
1095
1125
2719
698
712
302
1887
13
1755
4682
4106
946
525
320
1214
1631
2327
17
1414
373
1399
54
1067
4
1005
1005
341
63
111
694
160
2321
843
1845
915
318
1062
748
490
1876
2352
2001
839
1656
454
420
45
2080
1002
14
118
1473
53
1247
602
364
841
214
2012
2103
1183
862
58
4105
1428
4174
716
1959
394
1091
742
730
349
44
1447
1308
257
70
974
71
519
180
235
2338
1151
535
4917
1473
374
375
385
3996
1473
347
4390
4323
2
3724
1715
2
729
766
873
1476
4134
4498
3606
1430
4785
127
4210
927
1245
120
180
3289
1073
486
467
4025
1657
1181
694
657
61
1473
662
1473
36
70
30
533
1762
1634
3479
4580
1622
872
872
429
4919
104
111
111
586
1691
2272
4615
1178
338
2142
348
32
179
46
28
744
21
564
949
374
94
4095
925
63
113
3254
3912
2440
380
1162
523
2653
308
806
3979
322
4906
116
279
33
830
769
2008
111
119
38
2128
1473
93
256
4926
1107
729
4538
46
28
779
649
239
1168
4830
329
547
4356
64
1527
1413
1136
573
447
4855
44
215
819
1831
865
725
2526
1585
3801
1067
3825
2180
713
2721
137
2360
404
638
301
1641
191
2960
81
2080
2080
55
4482
175
175
267
436
1318
326
326
355
473
180
473
118
26
810
2041
4593
328
3950
1339
4867
3008
1575
111
204
861
1189
548
2126
1168
1011
1080
482
4606
87
1581
3968
1138
725
46
983
2995
1852
2166
2267
1604
52
828
467
2009
549
469
2086
229
217
1674
185
910
394
1849
141
403
118
393
614
462
1342
940
3167
1784
3
2051
200
4457
3543
1358
1473
48
1510
3974
17
2425
4972
473
217
1683
2344
5
602
723
2157
2157
89
2344
189
2142
743
27
235
4742
45
333
4289
1120
2430
106
33
1945
1368
1489
1473
89
1356
4363
246
341
481
408
2116
124
827
365
552
244
267
680
514
1390
229
1026
1890
4756
1298
50
1220
1611
672
4656
897
144
190
793
830
476
29
610
927
384
85
4317
5088
4170
1214
307
307
288
821
110
466
2338
4504
1273
1273
218
458
367
118
731
6
2218
116
1607
5518
1013
4549
147
1666
4721
1834
39
875
95
386
158
1310
101
105
46
154
1804
174
1690
935
446
613
63
12
1308
42
1272
2380
290
193
1776
485
634
1612
391
457
477
1473
1445
731
877
1201
1392
632
964
655
632
245
207
951
4485
1595
121
369
69
3412
2156
575
2173
951
1412
1182
1855
3800
330
1688
351
4198
2353
4569
734
3821
11
540
47
422
733
7
108
3800
26
1958
1986
48
312
1318
1020
12
955
939
4236
425
397
4087
469
806
33
892
1183
2069
380
140
311
147
4644
113
4999
1457
1387
1992
4373
243
348
4993
3800
485
1212
347
4685
100
260
4884
169
13
112
2095
1472
2630
48
2143
111
52
1597
437
271
2118
253
108
145
1812
122
701
450
1584
4723
324
3800
4498
3625
1472
619
773
193
4017
252
8
451
512
254
4437
4158
343
343
1448
1450
4327
1220
206
44
1893
631
895
1220
130
19
1625
271
4960
658
598
1168
217
1472
517
1555
1878
65
398
118
91
16
597
4874
1181
560
1981
255
5021
4532
302
510
5051
28
1346
696
1005
1472
2185
4827
1189
1899
1617
1427
667
681
324
357
193
660
40
2016
1454
4872
4757
229
1713
142
1795
2861
489
1412
422
1724
442
4890
490
1093
471
1238
4931
1284
927
783
1949
1828
1763
305
3938
448
2129
1510
1406
1797
9
439
1472
860
579
2028
840
1907
5073
1716
696
1001
39
1472
308
762
1650
16
16
1069
148
1132
1132
1798
993
4724
4234
429
1472
555
749
933
316
3799
285
285
450
982
285
4140
107
4704
52
2135
1630
347
123
435
4642
41
1922
544
184
1710
49
1126
1866
447
440
812
1610
288
23
1472
485
485
190
676
589
2143
538
618
29
1590
210
54
1084
645
123
1196
1196
1861
22
4638
2328
382
1990
1924
868
282
1669
4601
2084
300
4508
3008
1159
30
222
604
352
222
362
845
1483
103
545
369
320
25
261
1476
1657
255
1488
2126
1193
5008
2
1854
205
74
4863
2186
733
547
1965
1389
909
237
1244
739
238
1786
200
806
1472
701
277
1726
1571
97
4750
157
4866
584
641
5095
41
86
1370
475
3528
1458
522
453
520
209
4707
185
596
237
1672
838
495
107
1806
509
671
145
368
313
1125
877
204
27
1196
1168
1366
2041
154
1155
59
4531
1263
3477
348
407
407
1950
95
1325
330
1536
225
1104
1240
784
1136
1909
684
572
28
1040
418
709
447
1508
4351
156
4901
2136
4348
449
137
1310
2041
655
1103
816
2105
755
1745
1376
904
1004
17
1084
4321
5098
602
1670
101
39
187
2037
940
1890
347
122
997
1188
221
907
2339
2610
139
1472
551
15
1200
1497
630
2763
1988
602
430
728
1845
1730
1118
1351
2005
1882
4525
769
1433
70
1398
3605
69
1889
1749
65
2231
3753
4625
694
1812
4436
219
1086
2121
84
439
271
1397
49
226
724
591
828
178
2381
30
49
56
1220
424
169
4479
1464
111
2339
1342
4246
9
4364
123
276
1965
1996
902
5074
55
667
1608
643
1117
1783
70
1472
138
759
760
21
3964
3850
3798
4614
1734
1734
2097
1472
1384
544
196
4596
234
1260
29
99
1447
2092
4178
769
599
1253
1144
157
4239
256
46
1157
663
157
53
16
1352
811
1856
955
164
2339
3950
3259
366
96
15
1152
4273
1115
1055
135
215
660
1672
1247
123
4982
1858
157
157
44
409
1381
157
79
4419
32
162
1418
1043
96
1290
1472
1768
296
1081
4142
635
4179
636
1921
2393
254
1868
944
655
809
1727
193
1277
298
1444
699
2330
158
2099
2549
542
1491
229
122
309
1902
42
4853
1472
3183
945
568
1714
1273
827
651
54
2415
1006
4225
500
215
88
254
401
291
2084
679
859
1021
4588
269
269
1354
1428
373
1009
1332
173
798
4565
3889
256
400
1334
1529
96
2459
947
1031
1140
1752
2676
2378
535
76
1650
16
1004
89
335
4604
348
672
4691
1938
960
313
661
2627
182
1991
226
916
2830
112
1797
4833
67
923
676
184
998
243
96
9
787
979
1478
1244
5
32
1472
942
450
225
224
245
283
342
342
1263
1014
614
128
226
1858
185
1472
3797
562
1288
4705
115
3635
49
4529
1680
1315
379
565
1154
1233
803
397
1472
13
1872
1385
2309
2979
1254
112
3635
569
2375
629
2079
495
1502
1550
126
29
1689
3029
782
680
1224
1391
620
2187
50
2160
343
50
1607
1922
149
1261
251
4101
2342
85
1308
238
2159
4710
1335
520
1289
2147
255
1301
66
122
2128
4745
184
364
87
1021
347
294
1417
1533
2342
85
179
1780
79
797
91
1434
857
852
1996
307
1186
1778
561
1104
818
1088
4048
2376
867
8
1046
339
74
1472
3774
4922
232
132
134
696
309
309
309
1537
3071
320
79
712
29
293
1524
1578
373
138
1961
1980
752
2248
1935
4873
2105
63
213
1225
1095
1280
1554
14
747
571
4378
31
282
2030
1107
927
403
388
2342
85
63
121
32
343
1470
49
620
620
94
867
948
1127
1360
1472
973
1143
142
635
206
378
1669
85
1353
